zonal-monthly-mean surface air temperature from ERA5 

Reference for ERA5: Hersbach, H., Bell, B., Berrisford, P., Biavati, G., Horányi, A., Muñoz Sabater, J., Nicolas, J., Peubey, C., Radu, R., Rozum, I., Schepers, D., Simmons, A., Soci, C., Dee, D., Thépaut, J-N. (2023): ERA5 monthly averaged data on single levels from 1940 to present. Copernicus Climate Change Service (C3S) Climate Data Store (CDS), DOI: 10.24381/cds.f17050d7 (Accessed on 28-02-2024) 
 
Latitude	0	1	2	3	4	5	6	7	8	9	10	11
-90.0	243.88	235.02	224.14	220.56	220.14	219.05	217.25	217.33	218.05	225.63	236.32	243.95
-89.75	244.03	235.21	224.39	220.86	220.39	219.33	217.49	217.56	218.27	225.81	236.43	244.05
-89.5	243.92	235.18	224.49	220.93	220.48	219.38	217.53	217.57	218.36	225.75	236.32	243.92
-89.25	243.85	235.12	224.45	220.84	220.45	219.29	217.44	217.47	218.33	225.66	236.23	243.84
-89.0	243.75	234.97	224.33	220.71	220.36	219.13	217.28	217.31	218.25	225.48	236.04	243.75
-88.75	243.68	234.92	224.34	220.72	220.42	219.14	217.29	217.31	218.32	225.47	235.96	243.68
-88.5	243.73	235.05	224.58	221.0	220.74	219.43	217.59	217.56	218.64	225.7	236.06	243.71
-88.25	243.93	235.35	225.04	221.51	221.27	219.97	218.11	218.04	219.17	226.13	236.32	243.89
-88.0	244.24	235.78	225.62	222.14	221.91	220.63	218.73	218.64	219.8	226.67	236.7	244.18
-87.75	244.61	236.26	226.22	222.77	222.54	221.3	219.37	219.25	220.42	227.25	237.14	244.53
-87.5	245.02	236.77	226.83	223.4	223.16	221.97	220.0	219.86	221.04	227.83	237.61	244.92
-87.25	245.46	237.3	227.46	224.04	223.79	222.63	220.63	220.46	221.65	228.41	238.1	245.34
-87.0	245.87	237.8	228.07	224.66	224.38	223.26	221.24	221.04	222.24	228.96	238.56	245.74
-86.75	246.29	238.29	228.61	225.2	224.91	223.82	221.77	221.56	222.76	229.47	239.02	246.16
-86.5	246.71	238.78	229.17	225.75	225.45	224.38	222.33	222.08	223.29	229.97	239.47	246.57
-86.25	247.08	239.25	229.72	226.27	225.93	224.88	222.8	222.51	223.71	230.36	239.83	246.9
-86.0	247.5	239.78	230.33	226.87	226.48	225.44	223.35	223.0	224.19	230.8	240.23	247.27
-85.75	248.09	240.46	231.08	227.6	227.19	226.19	224.07	223.69	224.89	231.48	240.86	247.85
-85.5	248.81	241.23	231.87	228.39	227.98	227.01	224.89	224.46	225.69	232.29	241.64	248.57
-85.25	249.38	241.85	232.52	229.02	228.56	227.62	225.52	225.01	226.29	232.89	242.24	249.13
-85.0	249.76	242.29	232.99	229.49	228.99	228.07	225.96	225.41	226.72	233.3	242.63	249.5
-84.75	250.25	242.8	233.52	229.97	229.49	228.61	226.48	225.88	227.22	233.79	243.13	249.98
-84.5	250.63	243.21	233.97	230.42	229.91	229.08	226.92	226.27	227.63	234.18	243.5	250.34
-84.25	250.86	243.4	234.13	230.53	230.02	229.21	227.03	226.33	227.73	234.3	243.68	250.57
-84.0	251.0	243.51	234.16	230.49	229.96	229.17	226.98	226.23	227.66	234.27	243.74	250.71
-83.75	251.15	243.63	234.24	230.5	229.92	229.14	226.94	226.14	227.58	234.24	243.8	250.84
-83.5	251.3	243.79	234.36	230.55	229.93	229.15	226.94	226.08	227.54	234.25	243.87	250.97
-83.25	251.46	243.97	234.54	230.68	230.01	229.24	227.02	226.11	227.59	234.32	243.99	251.12
-83.0	251.66	244.17	234.75	230.85	230.14	229.39	227.16	226.2	227.69	234.44	244.15	251.3
-82.75	251.82	244.3	234.8	230.82	230.09	229.35	227.12	226.1	227.62	234.43	244.24	251.46
-82.5	251.96	244.39	234.82	230.75	229.97	229.24	227.0	225.92	227.48	234.36	244.27	251.59
-82.25	252.05	244.5	234.93	230.8	229.98	229.25	227.02	225.9	227.49	234.37	244.31	251.66
-82.0	252.12	244.62	235.11	230.96	230.12	229.37	227.17	226.03	227.65	234.48	244.37	251.71
-81.75	252.19	244.73	235.27	231.08	230.23	229.48	227.3	226.15	227.8	234.58	244.42	251.77
-81.5	252.24	244.77	235.32	231.07	230.2	229.45	227.29	226.13	227.81	234.58	244.42	251.81
-81.25	252.25	244.73	235.25	230.92	230.03	229.27	227.13	225.95	227.68	234.45	244.34	251.81
-81.0	252.23	244.67	235.17	230.75	229.83	229.06	226.92	225.72	227.5	234.28	244.23	251.79
-80.75	252.21	244.67	235.2	230.71	229.76	228.98	226.85	225.64	227.45	234.2	244.16	251.77
-80.5	252.21	244.72	235.33	230.8	229.83	229.06	226.93	225.73	227.54	234.26	244.16	251.78
-80.25	252.22	244.76	235.43	230.85	229.86	229.1	226.96	225.76	227.61	234.32	244.18	251.8
-80.0	252.21	244.7	235.36	230.72	229.69	228.94	226.8	225.59	227.49	234.23	244.13	251.8
-79.75	252.22	244.74	235.45	230.76	229.7	228.94	226.81	225.62	227.57	234.27	244.16	251.82
-79.5	252.25	244.84	235.67	230.95	229.86	229.1	226.99	225.82	227.79	234.43	244.24	251.85
-79.25	252.3	244.95	235.91	231.17	230.05	229.29	227.19	226.05	228.03	234.62	244.34	251.9
-79.0	252.36	245.1	236.18	231.42	230.25	229.51	227.42	226.3	228.28	234.83	244.46	251.98
-78.75	252.42	245.25	236.48	231.69	230.49	229.76	227.67	226.58	228.55	235.05	244.57	252.02
-78.5	252.43	245.37	236.74	231.91	230.68	229.95	227.87	226.8	228.77	235.22	244.64	252.03
-78.25	252.52	245.55	237.04	232.12	230.87	230.15	228.07	227.06	229.04	235.44	244.78	252.12
-78.0	252.8	246.01	237.75	232.59	231.35	230.65	228.59	227.67	229.63	235.93	245.11	252.39
-77.75	253.08	246.46	238.42	233.1	231.86	231.19	229.17	228.31	230.23	236.43	245.44	252.66
-77.5	253.26	246.74	238.85	233.42	232.18	231.52	229.53	228.7	230.61	236.74	245.65	252.82
-77.25	253.47	247.06	239.32	233.72	232.48	231.84	229.88	229.09	230.99	237.07	245.89	253.02
-77.0	253.71	247.41	239.81	234.02	232.79	232.17	230.24	229.49	231.39	237.41	246.13	253.25
-76.75	253.94	247.74	240.27	234.36	233.12	232.53	230.62	229.91	231.79	237.76	246.39	253.47
-76.5	254.22	248.14	240.8	234.83	233.59	233.02	231.12	230.43	232.31	238.2	246.72	253.75
-76.25	254.58	248.62	241.42	235.42	234.18	233.62	231.74	231.08	232.94	238.74	247.13	254.1
-76.0	255.0	249.15	242.07	236.03	234.77	234.21	232.36	231.74	233.59	239.31	247.59	254.51
-75.75	255.48	249.69	242.71	236.6	235.3	234.75	232.9	232.32	234.18	239.88	248.1	254.99
-75.5	255.87	250.14	243.24	237.11	235.78	235.22	233.38	232.85	234.71	240.37	248.53	255.38
-75.25	256.29	250.68	243.89	237.75	236.4	235.84	234.02	233.53	235.37	240.95	249.0	255.79
-75.0	256.68	251.2	244.54	238.35	236.98	236.4	234.6	234.14	235.96	241.46	249.42	256.16
-74.75	256.99	251.63	245.07	238.84	237.43	236.83	235.03	234.58	236.42	241.87	249.75	256.46
-74.5	257.26	252.01	245.55	239.29	237.84	237.22	235.4	234.97	236.82	242.23	250.05	256.72
-74.25	257.57	252.46	246.13	239.82	238.33	237.69	235.86	235.45	237.31	242.67	250.4	257.02
-74.0	257.98	253.04	246.85	240.5	238.96	238.29	236.45	236.07	237.93	243.23	250.86	257.43
-73.75	258.45	253.67	247.63	241.21	239.63	238.92	237.07	236.71	238.58	243.82	251.37	257.89
-73.5	258.83	254.18	248.29	241.85	240.24	239.49	237.62	237.28	239.16	244.34	251.82	258.29
-73.25	259.26	254.7	248.94	242.52	240.85	240.05	238.19	237.88	239.76	244.9	252.3	258.72
-73.0	259.58	255.11	249.51	243.16	241.37	240.51	238.64	238.36	240.24	245.34	252.68	259.04
-72.75	259.94	255.6	250.18	243.91	242.01	241.11	239.24	238.96	240.82	245.85	253.1	259.4
-72.5	260.42	256.2	250.96	244.74	242.78	241.83	239.97	239.68	241.53	246.47	253.64	259.87
-72.25	260.94	256.84	251.75	245.59	243.58	242.55	240.7	240.41	242.25	247.14	254.23	260.4
-72.0	261.47	257.48	252.55	246.47	244.39	243.27	241.42	241.13	242.96	247.8	254.83	260.94
-71.75	262.0	258.14	253.42	247.43	245.3	244.07	242.21	241.91	243.72	248.49	255.44	261.47
-71.5	262.5	258.78	254.23	248.31	246.15	244.85	242.97	242.66	244.44	249.16	256.04	261.98
-71.25	262.99	259.39	254.98	249.09	246.91	245.51	243.62	243.32	245.08	249.77	256.6	262.47
-71.0	263.39	259.9	255.65	249.83	247.68	246.06	244.15	243.84	245.61	250.27	257.08	262.89
-70.75	263.77	260.41	256.31	250.56	248.43	246.62	244.68	244.37	246.13	250.78	257.55	263.29
-70.5	264.2	260.96	257.03	251.26	249.14	247.2	245.25	244.93	246.69	251.31	258.04	263.71
-70.25	264.65	261.54	257.77	252.01	249.88	247.84	245.87	245.56	247.31	251.88	258.55	264.15
-70.0	265.13	262.2	258.62	252.94	250.78	248.6	246.6	246.3	248.03	252.53	259.12	264.64
-69.75	265.64	262.9	259.53	253.94	251.75	249.43	247.39	247.11	248.81	253.23	259.73	265.16
-69.5	266.12	263.51	260.29	254.76	252.56	250.16	248.11	247.84	249.53	253.88	260.29	265.64
-69.25	266.56	264.08	260.99	255.56	253.36	250.91	248.82	248.54	250.21	254.5	260.84	266.08
-69.0	267.04	264.71	261.76	256.51	254.27	251.78	249.57	249.29	250.94	255.16	261.42	266.55
-68.75	267.51	265.3	262.48	257.41	255.15	252.62	250.29	249.99	251.63	255.8	262.0	267.01
-68.5	267.98	265.9	263.2	258.23	255.98	253.41	251.02	250.71	252.35	256.46	262.58	267.48
-68.25	268.48	266.53	263.93	259.06	256.83	254.24	251.83	251.49	253.11	257.16	263.19	267.98
-68.0	269.02	267.19	264.71	260.03	257.82	255.18	252.74	252.32	253.91	257.89	263.84	268.49
-67.75	269.56	267.87	265.5	260.99	258.79	256.1	253.64	253.13	254.71	258.63	264.49	269.01
-67.5	270.07	268.51	266.26	261.79	259.61	256.9	254.44	253.91	255.47	259.33	265.1	269.51
-67.25	270.52	269.1	266.96	262.54	260.39	257.65	255.19	254.64	256.19	259.98	265.66	269.95
-67.0	270.95	269.67	267.65	263.38	261.27	258.44	255.99	255.4	256.9	260.61	266.2	270.36
-66.75	271.39	270.27	268.39	264.27	262.19	259.27	256.82	256.18	257.62	261.26	266.74	270.78
-66.5	271.78	270.82	269.09	264.97	262.91	259.93	257.5	256.83	258.26	261.83	267.21	271.16
-66.25	272.07	271.25	269.64	265.56	263.49	260.47	258.05	257.38	258.79	262.31	267.59	271.45
-66.0	272.32	271.62	270.14	266.24	264.2	261.17	258.7	257.99	259.35	262.79	267.95	271.69
-65.75	272.49	271.9	270.55	266.82	264.79	261.76	259.23	258.51	259.83	263.2	268.24	271.84
-65.5	272.6	272.1	270.85	267.27	265.24	262.2	259.65	258.93	260.24	263.54	268.47	271.94
-65.25	272.69	272.28	271.12	267.7	265.68	262.67	260.1	259.36	260.65	263.88	268.69	272.03
-65.0	272.79	272.45	271.38	268.19	266.22	263.29	260.65	259.89	261.12	264.26	268.92	272.11
-64.75	272.89	272.6	271.62	268.7	266.84	264.04	261.27	260.48	261.63	264.66	269.16	272.19
-64.5	272.96	272.74	271.82	269.07	267.27	264.52	261.74	260.92	262.03	264.99	269.36	272.25
-64.25	273.02	272.86	271.98	269.36	267.61	264.92	262.17	261.32	262.39	265.28	269.52	272.29
-64.0	273.13	273.03	272.2	269.77	268.14	265.57	262.93	261.91	262.91	265.66	269.75	272.37
-63.75	273.25	273.2	272.42	270.14	268.59	266.14	263.6	262.45	263.38	266.01	269.95	272.45
-63.5	273.35	273.36	272.6	270.43	268.94	266.57	264.1	262.9	263.77	266.31	270.12	272.52
-63.25	273.44	273.51	272.77	270.7	269.25	266.95	264.57	263.34	264.14	266.6	270.27	272.59
-63.0	273.55	273.65	272.95	271.0	269.59	267.39	265.12	263.92	264.58	266.93	270.44	272.67
-62.75	273.66	273.8	273.12	271.31	269.95	267.87	265.72	264.57	265.04	267.27	270.63	272.76
-62.5	273.75	273.92	273.27	271.54	270.21	268.18	266.1	264.99	265.38	267.54	270.77	272.84
-62.25	273.84	274.05	273.42	271.76	270.45	268.47	266.45	265.36	265.69	267.78	270.9	272.91
-62.0	273.95	274.17	273.57	272.01	270.74	268.84	266.93	265.91	266.16	268.13	271.07	273.0
-61.75	274.06	274.3	273.73	272.24	271.0	269.17	267.34	266.35	266.55	268.44	271.22	273.1
-61.5	274.16	274.42	273.87	272.44	271.23	269.45	267.67	266.7	266.87	268.69	271.36	273.2
-61.25	274.27	274.53	274.01	272.64	271.44	269.7	267.97	267.02	267.17	268.92	271.49	273.29
-61.0	274.39	274.65	274.15	272.84	271.66	270.0	268.35	267.42	267.53	269.21	271.65	273.39
-60.75	274.51	274.78	274.29	273.04	271.89	270.31	268.73	267.83	267.9	269.51	271.81	273.51
-60.5	274.62	274.9	274.43	273.22	272.09	270.56	269.02	268.13	268.18	269.74	271.95	273.61
-60.25	274.73	275.02	274.57	273.4	272.28	270.79	269.3	268.43	268.46	269.97	272.09	273.71
-60.0	274.85	275.14	274.7	273.58	272.48	271.05	269.63	268.78	268.78	270.22	272.25	273.82
-59.75	274.98	275.27	274.84	273.75	272.67	271.3	269.96	269.12	269.1	270.49	272.42	273.94
-59.5	275.09	275.4	274.98	273.92	272.84	271.51	270.22	269.41	269.37	270.72	272.57	274.06
-59.25	275.21	275.52	275.11	274.08	273.01	271.72	270.48	269.68	269.63	270.94	272.72	274.17
-59.0	275.34	275.65	275.25	274.24	273.18	271.94	270.79	270.01	269.94	271.2	272.89	274.3
-58.75	275.46	275.78	275.38	274.4	273.36	272.16	271.08	270.32	270.23	271.45	273.05	274.42
-58.5	275.58	275.91	275.52	274.56	273.52	272.35	271.31	270.58	270.48	271.65	273.19	274.54
-58.25	275.71	276.04	275.65	274.71	273.68	272.54	271.54	270.83	270.72	271.86	273.34	274.66
-58.0	275.83	276.17	275.78	274.86	273.84	272.73	271.79	271.11	270.98	272.08	273.49	274.78
-57.75	275.95	276.29	275.91	275.01	274.0	272.91	272.05	271.41	271.24	272.31	273.64	274.91
-57.5	276.08	276.42	276.04	275.16	274.16	273.08	272.25	271.65	271.46	272.5	273.78	275.04
-57.25	276.2	276.55	276.17	275.3	274.31	273.25	272.45	271.87	271.67	272.68	273.93	275.16
-57.0	276.33	276.67	276.3	275.45	274.47	273.43	272.67	272.14	271.93	272.9	274.08	275.31
-56.75	276.47	276.8	276.44	275.6	274.62	273.6	272.88	272.39	272.17	273.1	274.24	275.45
-56.5	276.6	276.94	276.58	275.75	274.78	273.77	273.08	272.6	272.39	273.29	274.4	275.59
-56.25	276.75	277.08	276.72	275.9	274.93	273.94	273.27	272.82	272.6	273.48	274.55	275.74
-56.0	276.89	277.21	276.87	276.05	275.09	274.11	273.46	273.03	272.83	273.68	274.71	275.89
-55.75	277.03	277.35	277.01	276.2	275.24	274.28	273.66	273.25	273.07	273.88	274.88	276.04
-55.5	277.17	277.49	277.15	276.34	275.39	274.43	273.83	273.44	273.27	274.05	275.03	276.18
-55.25	277.3	277.61	277.28	276.47	275.51	274.57	273.97	273.61	273.44	274.22	275.18	276.33
-55.0	277.43	277.73	277.39	276.58	275.62	274.68	274.1	273.77	273.63	274.38	275.32	276.46
-54.75	277.54	277.84	277.5	276.7	275.74	274.8	274.24	273.92	273.79	274.53	275.45	276.58
-54.5	277.68	277.98	277.64	276.84	275.89	274.96	274.4	274.1	273.98	274.69	275.6	276.72
-54.25	277.83	278.13	277.8	277.0	276.05	275.13	274.58	274.29	274.17	274.87	275.76	276.88
-54.0	277.97	278.28	277.95	277.15	276.21	275.29	274.75	274.47	274.35	275.04	275.92	277.03
-53.75	278.11	278.42	278.09	277.3	276.35	275.44	274.91	274.64	274.53	275.2	276.07	277.18
-53.5	278.25	278.56	278.23	277.44	276.5	275.59	275.07	274.81	274.7	275.35	276.22	277.32
-53.25	278.39	278.7	278.37	277.58	276.63	275.73	275.22	274.96	274.85	275.5	276.37	277.47
-53.0	278.53	278.84	278.51	277.72	276.77	275.87	275.36	275.12	275.02	275.66	276.52	277.61
-52.75	278.69	279.0	278.66	277.87	276.92	276.03	275.52	275.28	275.19	275.82	276.69	277.77
-52.5	278.83	279.14	278.8	278.01	277.06	276.16	275.65	275.42	275.34	275.98	276.84	277.92
-52.25	278.97	279.29	278.94	278.14	277.18	276.29	275.78	275.55	275.49	276.13	276.99	278.07
-52.0	279.13	279.44	279.09	278.29	277.32	276.42	275.92	275.7	275.65	276.29	277.15	278.22
-51.75	279.28	279.59	279.24	278.43	277.46	276.56	276.06	275.84	275.8	276.44	277.29	278.37
-51.5	279.42	279.74	279.38	278.57	277.6	276.69	276.19	275.98	275.94	276.57	277.43	278.51
-51.25	279.57	279.9	279.53	278.72	277.75	276.84	276.34	276.13	276.09	276.72	277.58	278.66
-51.0	279.73	280.06	279.69	278.87	277.9	276.98	276.49	276.27	276.24	276.86	277.72	278.81
-50.75	279.87	280.2	279.83	279.01	278.02	277.11	276.62	276.4	276.38	276.99	277.85	278.95
-50.5	280.04	280.37	279.99	279.17	278.17	277.25	276.76	276.55	276.53	277.14	278.01	279.11
-50.25	280.21	280.54	280.16	279.33	278.33	277.4	276.9	276.69	276.68	277.3	278.17	279.28
-50.0	280.38	280.71	280.33	279.49	278.47	277.54	277.04	276.84	276.84	277.46	278.33	279.45
-49.75	280.56	280.9	280.5	279.66	278.63	277.69	277.19	276.99	277.0	277.62	278.5	279.62
-49.5	280.74	281.08	280.68	279.83	278.79	277.84	277.34	277.14	277.16	277.79	278.67	279.8
-49.25	280.91	281.26	280.85	279.99	278.94	277.98	277.48	277.29	277.32	277.94	278.83	279.97
-49.0	281.09	281.44	281.04	280.17	279.12	278.16	277.65	277.45	277.48	278.1	279.0	280.14
-48.75	281.28	281.63	281.22	280.35	279.29	278.32	277.82	277.61	277.65	278.28	279.18	280.33
-48.5	281.45	281.81	281.4	280.52	279.45	278.48	277.97	277.77	277.81	278.44	279.35	280.5
-48.25	281.64	282.0	281.59	280.7	279.62	278.64	278.13	277.92	277.97	278.61	279.53	280.69
-48.0	281.83	282.19	281.77	280.89	279.8	278.81	278.29	278.08	278.13	278.77	279.71	280.87
-47.75	282.01	282.37	281.96	281.07	279.97	278.97	278.45	278.24	278.29	278.93	279.87	281.04
-47.5	282.2	282.56	282.15	281.25	280.14	279.14	278.62	278.4	278.45	279.09	280.04	281.22
-47.25	282.39	282.75	282.33	281.44	280.32	279.31	278.78	278.55	278.6	279.24	280.21	281.4
-47.0	282.57	282.94	282.52	281.62	280.49	279.48	278.93	278.7	278.75	279.39	280.37	281.58
-46.75	282.76	283.14	282.72	281.81	280.69	279.66	279.11	278.87	278.92	279.56	280.55	281.77
-46.5	282.97	283.35	282.93	282.02	280.88	279.85	279.28	279.05	279.09	279.74	280.74	281.97
-46.25	283.14	283.53	283.1	282.18	281.03	279.99	279.42	279.18	279.23	279.88	280.89	282.13
-46.0	283.32	283.71	283.28	282.35	281.19	280.14	279.56	279.32	279.37	280.03	281.05	282.3
-45.75	283.51	283.91	283.47	282.53	281.37	280.3	279.71	279.47	279.53	280.19	281.22	282.49
-45.5	283.72	284.11	283.67	282.72	281.55	280.46	279.87	279.63	279.69	280.36	281.4	282.68
-45.25	283.92	284.32	283.87	282.91	281.73	280.63	280.04	279.79	279.86	280.53	281.58	282.87
-45.0	284.13	284.53	284.07	283.11	281.91	280.81	280.2	279.96	280.02	280.7	281.77	283.07
-44.75	284.34	284.75	284.28	283.31	282.1	280.98	280.37	280.13	280.2	280.88	281.96	283.28
-44.5	284.56	284.97	284.49	283.51	282.3	281.17	280.56	280.31	280.38	281.08	282.16	283.49
-44.25	284.79	285.19	284.71	283.73	282.5	281.36	280.74	280.5	280.57	281.27	282.36	283.71
-44.0	285.01	285.42	284.93	283.94	282.7	281.56	280.93	280.68	280.76	281.46	282.56	283.92
-43.75	285.23	285.64	285.15	284.15	282.9	281.75	281.12	280.87	280.95	281.65	282.76	284.13
-43.5	285.45	285.87	285.37	284.36	283.1	281.94	281.31	281.05	281.13	281.83	282.96	284.34
-43.25	285.68	286.1	285.59	284.57	283.3	282.14	281.5	281.23	281.32	282.03	283.16	284.55
-43.0	285.9	286.32	285.81	284.78	283.5	282.33	281.68	281.41	281.49	282.21	283.36	284.76
-42.75	286.12	286.54	286.03	284.98	283.69	282.51	281.86	281.58	281.67	282.39	283.55	284.97
-42.5	286.33	286.76	286.24	285.18	283.88	282.7	282.04	281.75	281.84	282.57	283.74	285.17
-42.25	286.53	286.97	286.45	285.38	284.07	282.88	282.21	281.91	282.0	282.73	283.91	285.36
-42.0	286.73	287.18	286.65	285.58	284.26	283.06	282.38	282.08	282.16	282.89	284.08	285.54
-41.75	286.96	287.42	286.88	285.79	284.47	283.26	282.57	282.27	282.35	283.09	284.28	285.76
-41.5	287.19	287.65	287.11	286.01	284.67	283.45	282.76	282.45	282.54	283.28	284.49	285.98
-41.25	287.44	287.9	287.36	286.24	284.88	283.66	282.96	282.65	282.74	283.48	284.7	286.21
-41.0	287.68	288.15	287.6	286.47	285.1	283.87	283.16	282.85	282.94	283.69	284.92	286.43
-40.75	287.91	288.39	287.83	286.69	285.32	284.08	283.37	283.05	283.14	283.89	285.13	286.65
-40.5	288.14	288.62	288.06	286.91	285.52	284.28	283.56	283.25	283.33	284.08	285.33	286.87
-40.25	288.36	288.84	288.28	287.11	285.72	284.47	283.74	283.43	283.51	284.27	285.53	287.08
-40.0	288.58	289.06	288.5	287.32	285.91	284.64	283.91	283.6	283.69	284.45	285.72	287.28
-39.75	288.8	289.28	288.72	287.52	286.1	284.82	284.08	283.77	283.87	284.63	285.91	287.48
-39.5	288.99	289.48	288.91	287.7	286.27	284.98	284.23	283.93	284.02	284.79	286.08	287.66
-39.25	289.18	289.67	289.1	287.87	286.43	285.14	284.38	284.08	284.17	284.95	286.24	287.84
-39.0	289.39	289.88	289.29	288.05	286.6	285.29	284.53	284.23	284.34	285.12	286.42	288.03
-38.75	289.59	290.08	289.48	288.22	286.75	285.43	284.67	284.37	284.49	285.28	286.6	288.22
-38.5	289.79	290.27	289.67	288.38	286.89	285.56	284.79	284.51	284.64	285.43	286.77	288.4
-38.25	289.99	290.47	289.85	288.55	287.03	285.69	284.91	284.64	284.78	285.59	286.93	288.58
-38.0	290.17	290.65	290.03	288.71	287.18	285.82	285.04	284.77	284.92	285.74	287.09	288.76
-37.75	290.35	290.83	290.2	288.86	287.31	285.95	285.16	284.89	285.05	285.87	287.24	288.92
-37.5	290.53	291.01	290.37	289.02	287.46	286.08	285.29	285.02	285.18	286.02	287.39	289.09
-37.25	290.71	291.19	290.55	289.18	287.6	286.21	285.41	285.15	285.32	286.16	287.55	289.26
-37.0	290.9	291.37	290.72	289.35	287.76	286.36	285.55	285.28	285.46	286.31	287.71	289.43
-36.75	291.09	291.56	290.91	289.53	287.93	286.51	285.7	285.43	285.61	286.47	287.88	289.61
-36.5	291.26	291.73	291.08	289.69	288.08	286.66	285.84	285.58	285.76	286.62	288.03	289.78
-36.25	291.44	291.9	291.25	289.86	288.24	286.81	285.99	285.72	285.9	286.77	288.2	289.94
-36.0	291.61	292.08	291.43	290.03	288.4	286.96	286.12	285.86	286.05	286.93	288.36	290.12
-35.75	291.78	292.24	291.59	290.18	288.55	287.1	286.26	286.0	286.2	287.09	288.52	290.28
-35.5	291.96	292.41	291.76	290.34	288.7	287.24	286.4	286.14	286.35	287.24	288.69	290.45
-35.25	292.14	292.59	291.93	290.51	288.86	287.4	286.55	286.3	286.51	287.41	288.86	290.63
-35.0	292.31	292.75	292.1	290.67	289.0	287.53	286.68	286.43	286.65	287.57	289.03	290.8
-34.75	292.47	292.9	292.25	290.8	289.12	287.64	286.79	286.55	286.78	287.71	289.18	290.96
-34.5	292.63	293.06	292.39	290.93	289.23	287.74	286.89	286.65	286.91	287.85	289.33	291.11
-34.25	292.8	293.21	292.53	291.05	289.34	287.84	286.98	286.75	287.03	287.99	289.49	291.28
-34.0	292.96	293.36	292.68	291.17	289.43	287.91	287.05	286.84	287.14	288.12	289.64	291.44
-33.75	293.14	293.52	292.83	291.29	289.52	287.98	287.12	286.93	287.26	288.26	289.8	291.61
-33.5	293.3	293.67	292.98	291.42	289.63	288.08	287.22	287.04	287.39	288.41	289.97	291.78
-33.25	293.46	293.82	293.12	291.55	289.75	288.18	287.32	287.15	287.53	288.56	290.13	291.94
-33.0	293.63	293.98	293.27	291.68	289.86	288.29	287.42	287.27	287.67	288.72	290.3	292.11
-32.75	293.79	294.13	293.41	291.81	289.98	288.4	287.53	287.38	287.8	288.88	290.47	292.28
-32.5	293.94	294.26	293.54	291.93	290.08	288.49	287.62	287.49	287.93	289.02	290.62	292.43
-32.25	294.09	294.4	293.67	292.04	290.18	288.57	287.7	287.59	288.06	289.17	290.78	292.59
-32.0	294.26	294.55	293.81	292.17	290.28	288.66	287.79	287.7	288.21	289.34	290.96	292.77
-31.75	294.42	294.7	293.95	292.29	290.38	288.75	287.87	287.81	288.34	289.49	291.13	292.94
-31.5	294.56	294.83	294.08	292.41	290.47	288.83	287.96	287.91	288.47	289.64	291.28	293.09
-31.25	294.72	294.98	294.22	292.53	290.58	288.93	288.05	288.02	288.61	289.8	291.45	293.26
-31.0	294.9	295.14	294.38	292.67	290.7	289.04	288.17	288.16	288.77	289.98	291.64	293.44
-30.75	295.06	295.3	294.53	292.81	290.83	289.17	288.29	288.29	288.93	290.15	291.81	293.61
-30.5	295.19	295.43	294.66	292.94	290.94	289.28	288.4	288.42	289.07	290.3	291.96	293.76
-30.25	295.35	295.57	294.8	293.08	291.08	289.4	288.53	288.56	289.23	290.47	292.14	293.93
-30.0	295.49	295.71	294.94	293.21	291.2	289.52	288.65	288.69	289.38	290.63	292.29	294.08
-29.75	295.6	295.82	295.05	293.33	291.31	289.63	288.76	288.81	289.52	290.77	292.43	294.21
-29.5	295.7	295.92	295.16	293.44	291.42	289.74	288.88	288.94	289.65	290.91	292.57	294.33
-29.25	295.81	296.03	295.27	293.55	291.53	289.85	288.99	289.06	289.79	291.05	292.7	294.45
-29.0	295.91	296.13	295.38	293.67	291.64	289.97	289.11	289.19	289.94	291.2	292.84	294.57
-28.75	296.03	296.25	295.5	293.8	291.77	290.1	289.24	289.34	290.1	291.36	292.98	294.7
-28.5	296.11	296.33	295.59	293.91	291.88	290.21	289.36	289.47	290.23	291.49	293.1	294.8
-28.25	296.2	296.41	295.69	294.02	291.99	290.32	289.48	289.59	290.37	291.62	293.22	294.9
-28.0	296.28	296.5	295.79	294.12	292.1	290.43	289.59	289.71	290.5	291.75	293.34	295.0
-27.75	296.37	296.59	295.88	294.23	292.2	290.53	289.7	289.83	290.63	291.89	293.46	295.1
-27.5	296.45	296.67	295.98	294.34	292.31	290.64	289.81	289.96	290.76	292.02	293.58	295.21
-27.25	296.53	296.75	296.07	294.44	292.41	290.75	289.92	290.08	290.9	292.16	293.7	295.3
-27.0	296.6	296.81	296.15	294.54	292.51	290.85	290.03	290.2	291.03	292.28	293.81	295.39
-26.75	296.67	296.88	296.23	294.64	292.62	290.96	290.14	290.31	291.15	292.41	293.92	295.48
-26.5	296.74	296.94	296.31	294.74	292.72	291.07	290.26	290.44	291.28	292.53	294.03	295.56
-26.25	296.81	297.01	296.39	294.84	292.83	291.18	290.37	290.56	291.41	292.66	294.14	295.65
-26.0	296.88	297.09	296.48	294.95	292.95	291.3	290.5	290.69	291.55	292.79	294.26	295.74
-25.75	296.98	297.18	296.59	295.08	293.09	291.44	290.64	290.84	291.71	292.95	294.4	295.85
-25.5	297.06	297.26	296.68	295.19	293.21	291.56	290.77	290.98	291.85	293.1	294.52	295.95
-25.25	297.12	297.32	296.76	295.29	293.31	291.67	290.88	291.1	291.98	293.23	294.64	296.04
-25.0	297.19	297.39	296.84	295.4	293.43	291.79	291.01	291.24	292.13	293.38	294.76	296.13
-24.75	297.26	297.45	296.93	295.52	293.55	291.92	291.14	291.38	292.28	293.52	294.89	296.22
-24.5	297.32	297.51	297.0	295.62	293.67	292.04	291.27	291.52	292.42	293.66	295.0	296.3
-24.25	297.36	297.55	297.07	295.72	293.78	292.16	291.4	291.64	292.55	293.78	295.09	296.36
-24.0	297.4	297.59	297.13	295.81	293.88	292.27	291.52	291.77	292.68	293.9	295.18	296.43
-23.75	297.44	297.63	297.19	295.9	294.0	292.4	291.65	291.9	292.81	294.02	295.27	296.49
-23.5	297.49	297.68	297.26	296.0	294.12	292.53	291.78	292.04	292.96	294.15	295.37	296.56
-23.25	297.52	297.7	297.3	296.08	294.21	292.64	291.9	292.16	293.08	294.26	295.45	296.61
-23.0	297.53	297.71	297.33	296.14	294.29	292.73	291.99	292.26	293.18	294.35	295.52	296.65
-22.75	297.55	297.73	297.37	296.21	294.38	292.82	292.09	292.37	293.3	294.46	295.59	296.69
-22.5	297.57	297.75	297.41	296.28	294.47	292.92	292.2	292.48	293.4	294.56	295.66	296.73
-22.25	297.58	297.76	297.44	296.36	294.57	293.03	292.31	292.59	293.52	294.66	295.73	296.76
-22.0	297.6	297.78	297.49	296.44	294.67	293.15	292.44	292.72	293.64	294.76	295.81	296.81
-21.75	297.64	297.82	297.55	296.54	294.8	293.29	292.58	292.86	293.77	294.88	295.9	296.86
-21.5	297.66	297.85	297.6	296.62	294.91	293.41	292.72	292.99	293.9	295.0	295.98	296.91
-21.25	297.69	297.88	297.65	296.71	295.02	293.54	292.85	293.12	294.02	295.1	296.05	296.96
-21.0	297.71	297.9	297.69	296.79	295.14	293.67	292.98	293.25	294.14	295.2	296.12	297.0
-20.75	297.7	297.9	297.71	296.85	295.23	293.78	293.1	293.35	294.23	295.27	296.16	297.01
-20.5	297.68	297.9	297.72	296.9	295.31	293.88	293.2	293.45	294.32	295.33	296.18	297.01
-20.25	297.67	297.89	297.73	296.95	295.4	293.98	293.31	293.55	294.41	295.4	296.22	297.01
-20.0	297.66	297.89	297.75	297.01	295.5	294.1	293.43	293.67	294.51	295.48	296.26	297.02
-19.75	297.66	297.89	297.77	297.07	295.6	294.22	293.55	293.79	294.61	295.56	296.3	297.04
-19.5	297.67	297.9	297.8	297.13	295.69	294.33	293.67	293.9	294.71	295.64	296.35	297.06
-19.25	297.68	297.93	297.84	297.21	295.79	294.45	293.78	294.02	294.82	295.73	296.41	297.1
-19.0	297.7	297.94	297.87	297.27	295.89	294.56	293.9	294.13	294.92	295.82	296.47	297.13
-18.75	297.71	297.96	297.9	297.33	295.99	294.67	294.01	294.24	295.02	295.91	296.54	297.16
-18.5	297.71	297.96	297.91	297.38	296.07	294.77	294.11	294.33	295.11	295.99	296.59	297.18
-18.25	297.71	297.97	297.93	297.43	296.14	294.86	294.21	294.43	295.19	296.06	296.63	297.2
-18.0	297.72	297.97	297.94	297.47	296.22	294.96	294.31	294.53	295.29	296.13	296.68	297.22
-17.75	297.73	297.98	297.96	297.52	296.31	295.06	294.42	294.63	295.38	296.21	296.74	297.25
-17.5	297.74	298.0	297.99	297.57	296.4	295.17	294.53	294.74	295.47	296.29	296.79	297.28
-17.25	297.76	298.02	298.02	297.63	296.49	295.28	294.65	294.85	295.57	296.37	296.84	297.31
-17.0	297.78	298.04	298.05	297.68	296.58	295.39	294.76	294.95	295.66	296.44	296.89	297.34
-16.75	297.8	298.07	298.09	297.74	296.67	295.51	294.88	295.06	295.75	296.52	296.95	297.38
-16.5	297.82	298.09	298.11	297.79	296.75	295.61	294.98	295.16	295.84	296.6	297.0	297.41
-16.25	297.84	298.12	298.14	297.84	296.84	295.71	295.09	295.26	295.93	296.66	297.05	297.44
-16.0	297.86	298.13	298.17	297.89	296.93	295.82	295.2	295.36	296.01	296.72	297.09	297.46
-15.75	297.86	298.13	298.18	297.92	296.98	295.9	295.29	295.44	296.06	296.75	297.1	297.47
-15.5	297.83	298.11	298.16	297.91	297.0	295.94	295.34	295.48	296.09	296.75	297.09	297.45
-15.25	297.78	298.07	298.12	297.88	297.01	295.96	295.36	295.5	296.09	296.74	297.06	297.41
-15.0	297.77	298.06	298.12	297.9	297.05	296.03	295.43	295.55	296.13	296.76	297.06	297.4
-14.75	297.79	298.07	298.14	297.94	297.11	296.11	295.52	295.63	296.19	296.79	297.08	297.41
-14.5	297.8	298.09	298.17	297.98	297.19	296.2	295.62	295.72	296.26	296.83	297.1	297.43
-14.25	297.84	298.13	298.21	298.05	297.29	296.33	295.74	295.84	296.35	296.9	297.16	297.48
-14.0	297.86	298.15	298.24	298.09	297.37	296.42	295.85	295.93	296.43	296.94	297.19	297.5
-13.75	297.9	298.18	298.28	298.15	297.46	296.53	295.96	296.04	296.52	297.0	297.24	297.54
-13.5	297.95	298.23	298.34	298.22	297.56	296.65	296.09	296.16	296.62	297.08	297.3	297.6
-13.25	298.0	298.28	298.39	298.3	297.66	296.77	296.21	296.27	296.71	297.15	297.37	297.66
-13.0	298.05	298.32	298.45	298.36	297.75	296.88	296.33	296.39	296.81	297.22	297.43	297.71
-12.75	298.11	298.38	298.51	298.44	297.85	297.01	296.46	296.51	296.91	297.3	297.5	297.78
-12.5	298.15	298.41	298.54	298.48	297.92	297.09	296.55	296.6	296.98	297.35	297.55	297.82
-12.25	298.18	298.44	298.57	298.53	297.99	297.18	296.64	296.68	297.04	297.39	297.59	297.86
-12.0	298.22	298.49	298.62	298.58	298.06	297.27	296.74	296.77	297.1	297.43	297.63	297.9
-11.75	298.24	298.5	298.63	298.61	298.1	297.32	296.79	296.82	297.14	297.46	297.65	297.92
-11.5	298.26	298.52	298.66	298.64	298.15	297.39	296.86	296.89	297.19	297.49	297.68	297.95
-11.25	298.3	298.55	298.69	298.68	298.22	297.47	296.95	296.97	297.25	297.54	297.73	297.99
-11.0	298.32	298.58	298.72	298.72	298.28	297.55	297.03	297.05	297.31	297.58	297.76	298.02
-10.75	298.33	298.58	298.73	298.73	298.31	297.6	297.09	297.09	297.34	297.6	297.78	298.02
-10.5	298.34	298.6	298.74	298.75	298.35	297.65	297.15	297.15	297.37	297.62	297.8	298.04
-10.25	298.37	298.63	298.77	298.79	298.41	297.72	297.22	297.21	297.43	297.67	297.85	298.08
-10.0	298.39	298.65	298.79	298.81	298.45	297.77	297.27	297.26	297.47	297.71	297.88	298.11
-9.75	298.38	298.64	298.78	298.81	298.46	297.8	297.3	297.29	297.48	297.71	297.88	298.1
-9.5	298.4	298.66	298.8	298.83	298.5	297.85	297.37	297.34	297.52	297.74	297.9	298.12
-9.25	298.42	298.68	298.82	298.86	298.55	297.92	297.43	297.4	297.56	297.77	297.93	298.15
-9.0	298.42	298.68	298.83	298.88	298.58	297.96	297.48	297.45	297.6	297.8	297.96	298.16
-8.75	298.43	298.69	298.83	298.89	298.62	298.01	297.53	297.49	297.63	297.84	297.99	298.18
-8.5	298.43	298.69	298.84	298.9	298.65	298.05	297.58	297.54	297.67	297.87	298.01	298.19
-8.25	298.41	298.67	298.83	298.9	298.67	298.09	297.62	297.57	297.68	297.88	298.01	298.18
-8.0	298.42	298.68	298.84	298.92	298.7	298.14	297.68	297.62	297.72	297.92	298.04	298.2
-7.75	298.46	298.72	298.88	298.96	298.76	298.21	297.76	297.7	297.79	297.98	298.09	298.24
-7.5	298.47	298.73	298.89	298.98	298.79	298.26	297.82	297.75	297.83	298.02	298.12	298.26
-7.25	298.48	298.74	298.9	298.99	298.82	298.3	297.86	297.79	297.86	298.05	298.15	298.27
-7.0	298.49	298.76	298.92	299.01	298.85	298.34	297.89	297.82	297.89	298.08	298.17	298.29
-6.75	298.5	298.76	298.93	299.02	298.87	298.36	297.92	297.84	297.91	298.09	298.18	298.3
-6.5	298.49	298.76	298.92	299.01	298.87	298.37	297.93	297.85	297.91	298.09	298.18	298.29
-6.25	298.47	298.75	298.91	299.0	298.85	298.37	297.93	297.84	297.9	298.09	298.17	298.28
-6.0	298.47	298.74	298.9	298.99	298.85	298.38	297.95	297.85	297.91	298.09	298.17	298.28
-5.75	298.49	298.77	298.93	299.02	298.89	298.41	297.98	297.89	297.95	298.13	298.21	298.31
-5.5	298.52	298.79	298.95	299.04	298.92	298.45	298.02	297.92	297.99	298.18	298.26	298.34
-5.25	298.54	298.82	298.97	299.05	298.94	298.47	298.04	297.95	298.01	298.2	298.28	298.36
-5.0	298.55	298.83	298.99	299.07	298.95	298.48	298.06	297.97	298.03	298.22	298.29	298.37
-4.75	298.55	298.83	298.99	299.07	298.95	298.49	298.07	297.98	298.04	298.23	298.3	298.38
-4.5	298.53	298.81	298.97	299.05	298.94	298.48	298.06	297.97	298.04	298.22	298.29	298.36
-4.25	298.49	298.78	298.93	299.0	298.9	298.44	298.02	297.94	298.01	298.19	298.26	298.33
-4.0	298.46	298.74	298.89	298.97	298.86	298.41	297.99	297.91	297.97	298.16	298.23	298.29
-3.75	298.45	298.74	298.9	298.97	298.86	298.41	297.98	297.9	297.97	298.15	298.22	298.29
-3.5	298.44	298.73	298.89	298.97	298.86	298.4	297.97	297.89	297.95	298.14	298.22	298.28
-3.25	298.42	298.71	298.88	298.96	298.85	298.4	297.96	297.88	297.94	298.13	298.2	298.26
-3.0	298.44	298.74	298.91	298.99	298.89	298.44	298.0	297.91	297.97	298.16	298.23	298.29
-2.75	298.45	298.75	298.93	299.01	298.91	298.46	298.01	297.91	297.96	298.15	298.23	298.29
-2.5	298.47	298.78	298.95	299.03	298.94	298.49	298.03	297.92	297.97	298.16	298.24	298.31
-2.25	298.48	298.79	298.97	299.05	298.95	298.51	298.05	297.93	297.97	298.17	298.26	298.32
-2.0	298.46	298.78	298.95	299.03	298.94	298.5	298.04	297.92	297.95	298.15	298.24	298.3
-1.75	298.41	298.74	298.91	298.99	298.9	298.46	298.01	297.88	297.92	298.12	298.19	298.25
-1.5	298.38	298.71	298.88	298.97	298.87	298.43	297.98	297.86	297.9	298.1	298.17	298.22
-1.25	298.35	298.68	298.86	298.94	298.85	298.41	297.96	297.84	297.88	298.08	298.14	298.19
-1.0	298.34	298.68	298.86	298.94	298.84	298.42	297.97	297.84	297.88	298.07	298.13	298.18
-0.75	298.35	298.69	298.87	298.96	298.86	298.44	297.99	297.86	297.9	298.09	298.14	298.19
-0.5	298.37	298.7	298.89	298.98	298.88	298.46	298.02	297.89	297.93	298.12	298.16	298.2
-0.25	298.39	298.72	298.91	299.0	298.9	298.49	298.05	297.93	297.96	298.15	298.18	298.22
0.0	298.4	298.73	298.92	299.01	298.91	298.51	298.07	297.95	297.99	298.17	298.2	298.23
0.25	298.4	298.73	298.91	299.0	298.91	298.51	298.08	297.96	298.0	298.18	298.2	298.23
0.5	298.39	298.71	298.89	298.99	298.9	298.51	298.08	297.96	298.01	298.18	298.2	298.22
0.75	298.39	298.71	298.9	298.99	298.91	298.54	298.11	297.99	298.04	298.21	298.21	298.23
1.0	298.41	298.72	298.91	299.01	298.93	298.59	298.17	298.05	298.09	298.26	298.24	298.25
1.25	298.46	298.76	298.95	299.05	298.98	298.65	298.24	298.12	298.16	298.32	298.3	298.3
1.5	298.52	298.82	299.01	299.11	299.05	298.74	298.33	298.21	298.26	298.4	298.37	298.37
1.75	298.57	298.85	299.05	299.15	299.09	298.79	298.39	298.27	298.32	298.46	298.43	298.42
2.0	298.59	298.87	299.06	299.16	299.1	298.82	298.42	298.3	298.36	298.49	298.45	298.44
2.25	298.6	298.87	299.07	299.16	299.1	298.83	298.44	298.33	298.39	298.51	298.46	298.45
2.5	298.62	298.89	299.09	299.18	299.12	298.85	298.47	298.36	298.43	298.54	298.49	298.48
2.75	298.66	298.93	299.14	299.22	299.16	298.9	298.53	298.42	298.49	298.59	298.54	298.53
3.0	298.7	298.97	299.17	299.26	299.19	298.93	298.57	298.47	298.55	298.64	298.58	298.57
3.25	298.73	299.0	299.2	299.28	299.21	298.95	298.61	298.51	298.59	298.66	298.61	298.59
3.5	298.74	299.01	299.21	299.29	299.21	298.96	298.62	298.54	298.61	298.68	298.63	298.61
3.75	298.74	299.01	299.21	299.29	299.2	298.95	298.62	298.54	298.62	298.67	298.63	298.6
4.0	298.75	299.02	299.23	299.3	299.21	298.95	298.63	298.56	298.63	298.68	298.64	298.61
4.25	298.75	299.03	299.23	299.31	299.22	298.95	298.64	298.57	298.65	298.68	298.64	298.62
4.5	298.76	299.04	299.24	299.31	299.22	298.95	298.64	298.58	298.66	298.67	298.64	298.62
4.75	298.75	299.04	299.25	299.32	299.22	298.95	298.64	298.59	298.66	298.67	298.65	298.62
5.0	298.75	299.04	299.25	299.33	299.22	298.95	298.64	298.61	298.67	298.67	298.65	298.62
5.25	298.75	299.04	299.26	299.34	299.23	298.95	298.65	298.62	298.69	298.68	298.65	298.62
5.5	298.74	299.03	299.26	299.34	299.23	298.94	298.65	298.63	298.69	298.67	298.64	298.61
5.75	298.74	299.03	299.26	299.35	299.24	298.94	298.65	298.64	298.69	298.66	298.63	298.61
6.0	298.74	299.03	299.27	299.36	299.25	298.94	298.65	298.64	298.69	298.65	298.63	298.61
6.25	298.76	299.05	299.3	299.41	299.28	298.97	298.67	298.66	298.71	298.67	298.65	298.63
6.5	298.77	299.07	299.33	299.44	299.31	298.98	298.68	298.67	298.72	298.68	298.66	298.65
6.75	298.77	299.06	299.34	299.46	299.32	298.98	298.66	298.66	298.71	298.67	298.66	298.65
7.0	298.75	299.04	299.35	299.48	299.34	298.99	298.66	298.65	298.7	298.67	298.67	298.66
7.25	298.75	299.04	299.37	299.53	299.38	299.02	298.68	298.66	298.71	298.69	298.69	298.68
7.5	298.76	299.06	299.41	299.59	299.44	299.06	298.71	298.68	298.73	298.72	298.73	298.71
7.75	298.76	299.05	299.44	299.64	299.49	299.1	298.73	298.7	298.75	298.74	298.76	298.72
8.0	298.74	299.04	299.45	299.68	299.53	299.13	298.75	298.71	298.76	298.76	298.78	298.73
8.25	298.71	299.02	299.46	299.72	299.58	299.17	298.78	298.73	298.78	298.78	298.81	298.73
8.5	298.66	298.97	299.45	299.75	299.62	299.22	298.81	298.74	298.79	298.81	298.82	298.71
8.75	298.62	298.93	299.44	299.77	299.66	299.25	298.83	298.75	298.8	298.82	298.84	298.69
9.0	298.58	298.89	299.42	299.78	299.7	299.29	298.85	298.76	298.81	298.84	298.85	298.67
9.25	298.53	298.84	299.4	299.8	299.73	299.33	298.87	298.78	298.82	298.86	298.85	298.65
9.5	298.49	298.8	299.37	299.81	299.77	299.38	298.91	298.8	298.84	298.88	298.86	298.62
9.75	298.46	298.77	299.37	299.84	299.82	299.44	298.96	298.83	298.88	298.91	298.88	298.61
10.0	298.4	298.71	299.34	299.86	299.87	299.5	299.01	298.88	298.92	298.94	298.89	298.58
10.25	298.35	298.66	299.3	299.86	299.93	299.58	299.09	298.95	298.99	298.99	298.91	298.57
10.5	298.32	298.63	299.28	299.88	299.98	299.64	299.15	299.0	299.04	299.04	298.94	298.56
10.75	298.27	298.57	299.24	299.87	300.0	299.67	299.18	299.02	299.06	299.07	298.95	298.53
11.0	298.25	298.55	299.24	299.92	300.07	299.76	299.27	299.1	299.13	299.15	299.01	298.55
11.25	298.25	298.55	299.25	299.96	300.15	299.85	299.37	299.19	299.21	299.24	299.08	298.56
11.5	298.2	298.5	299.21	299.96	300.19	299.9	299.42	299.23	299.26	299.29	299.1	298.54
11.75	298.13	298.43	299.16	299.93	300.21	299.92	299.45	299.25	299.29	299.32	299.1	298.5
12.0	298.07	298.37	299.12	299.92	300.24	299.96	299.49	299.29	299.33	299.37	299.1	298.45
12.25	298.01	298.32	299.09	299.93	300.28	300.02	299.54	299.34	299.38	299.42	299.12	298.41
12.5	297.95	298.27	299.06	299.93	300.32	300.07	299.59	299.39	299.44	299.47	299.13	298.37
12.75	297.89	298.21	299.02	299.92	300.34	300.12	299.65	299.45	299.49	299.52	299.12	298.33
13.0	297.81	298.13	298.96	299.87	300.33	300.13	299.68	299.48	299.52	299.54	299.11	298.27
13.25	297.72	298.05	298.89	299.82	300.31	300.14	299.7	299.49	299.54	299.56	299.08	298.19
13.5	297.63	297.97	298.83	299.78	300.3	300.15	299.72	299.52	299.57	299.58	299.06	298.12
13.75	297.52	297.87	298.75	299.72	300.28	300.14	299.73	299.53	299.58	299.58	299.01	298.03
14.0	297.38	297.73	298.63	299.63	300.22	300.12	299.71	299.51	299.58	299.56	298.93	297.91
14.25	297.22	297.58	298.49	299.52	300.15	300.09	299.7	299.5	299.58	299.53	298.84	297.76
14.5	297.08	297.45	298.38	299.43	300.11	300.09	299.72	299.53	299.61	299.53	298.77	297.64
14.75	296.96	297.34	298.29	299.37	300.09	300.11	299.76	299.57	299.66	299.54	298.72	297.54
15.0	296.8	297.19	298.15	299.26	300.03	300.09	299.78	299.59	299.68	299.51	298.63	297.4
15.25	296.67	297.07	298.04	299.17	299.99	300.11	299.83	299.66	299.74	299.51	298.56	297.28
15.5	296.59	297.0	297.98	299.14	300.01	300.17	299.93	299.77	299.83	299.55	298.55	297.22
15.75	296.53	296.94	297.95	299.12	300.03	300.23	300.02	299.88	299.92	299.6	298.54	297.17
16.0	296.42	296.85	297.88	299.07	300.01	300.24	300.06	299.93	299.97	299.6	298.49	297.08
16.25	296.28	296.73	297.77	298.99	299.97	300.23	300.07	299.95	299.97	299.57	298.41	296.95
16.5	296.14	296.59	297.66	298.91	299.92	300.21	300.07	299.97	299.97	299.52	298.31	296.82
16.75	295.98	296.44	297.53	298.81	299.85	300.18	300.06	299.98	299.96	299.46	298.2	296.67
17.0	295.81	296.29	297.41	298.7	299.79	300.15	300.06	300.0	299.96	299.4	298.08	296.51
17.25	295.67	296.17	297.31	298.64	299.76	300.15	300.09	300.05	299.98	299.36	297.99	296.38
17.5	295.56	296.07	297.24	298.6	299.75	300.17	300.14	300.12	300.02	299.34	297.92	296.28
17.75	295.46	295.98	297.18	298.57	299.75	300.2	300.19	300.19	300.05	299.31	297.86	296.18
18.0	295.32	295.86	297.09	298.5	299.71	300.19	300.22	300.23	300.04	299.26	297.76	296.06
18.25	295.17	295.73	296.98	298.42	299.66	300.17	300.23	300.25	300.03	299.2	297.65	295.91
18.5	295.03	295.59	296.86	298.32	299.59	300.15	300.22	300.26	300.01	299.14	297.54	295.77
18.75	294.88	295.45	296.72	298.2	299.51	300.1	300.21	300.25	299.98	299.07	297.44	295.63
19.0	294.71	295.29	296.58	298.09	299.43	300.06	300.18	300.24	299.93	298.98	297.31	295.47
19.25	294.53	295.11	296.43	297.96	299.35	300.01	300.14	300.2	299.88	298.88	297.16	295.3
19.5	294.36	294.95	296.29	297.85	299.26	299.96	300.11	300.18	299.83	298.79	297.04	295.14
19.75	294.22	294.82	296.18	297.76	299.21	299.94	300.11	300.18	299.8	298.74	296.94	295.01
20.0	294.09	294.71	296.09	297.71	299.19	299.94	300.13	300.2	299.81	298.7	296.86	294.89
20.25	293.96	294.59	296.0	297.65	299.17	299.96	300.16	300.24	299.82	298.67	296.79	294.78
20.5	293.83	294.47	295.91	297.59	299.15	299.97	300.19	300.27	299.83	298.64	296.71	294.65
20.75	293.69	294.34	295.8	297.52	299.12	299.98	300.21	300.29	299.83	298.6	296.62	294.53
21.0	293.55	294.21	295.7	297.45	299.08	299.97	300.22	300.3	299.82	298.56	296.54	294.4
21.25	293.4	294.07	295.58	297.36	299.02	299.94	300.21	300.3	299.8	298.51	296.45	294.27
21.5	293.23	293.91	295.44	297.25	298.94	299.9	300.19	300.29	299.77	298.45	296.34	294.12
21.75	293.07	293.76	295.32	297.17	298.88	299.87	300.18	300.28	299.75	298.38	296.22	293.96
22.0	292.89	293.6	295.19	297.06	298.81	299.84	300.17	300.26	299.71	298.31	296.1	293.8
22.25	292.71	293.42	295.03	296.94	298.71	299.79	300.13	300.23	299.66	298.22	295.97	293.63
22.5	292.53	293.24	294.87	296.8	298.6	299.72	300.09	300.18	299.61	298.14	295.84	293.47
22.75	292.35	293.06	294.7	296.65	298.48	299.64	300.02	300.12	299.54	298.03	295.7	293.29
23.0	292.15	292.86	294.52	296.49	298.36	299.56	299.96	300.05	299.45	297.92	295.55	293.11
23.25	291.96	292.67	294.34	296.34	298.24	299.48	299.89	299.98	299.37	297.81	295.4	292.93
23.5	291.8	292.51	294.19	296.21	298.14	299.42	299.85	299.93	299.31	297.72	295.28	292.78
23.75	291.66	292.37	294.06	296.1	298.06	299.39	299.83	299.91	299.28	297.67	295.19	292.66
24.0	291.53	292.23	293.94	296.0	297.99	299.36	299.82	299.9	299.26	297.63	295.11	292.54
24.25	291.37	292.07	293.79	295.87	297.9	299.32	299.79	299.87	299.23	297.56	295.0	292.4
24.5	291.21	291.9	293.63	295.73	297.8	299.28	299.77	299.85	299.19	297.49	294.89	292.25
24.75	291.04	291.73	293.47	295.6	297.71	299.25	299.78	299.85	299.17	297.43	294.77	292.11
25.0	290.87	291.56	293.31	295.46	297.6	299.2	299.76	299.83	299.13	297.35	294.65	291.95
25.25	290.67	291.36	293.14	295.31	297.49	299.14	299.73	299.8	299.08	297.27	294.51	291.77
25.5	290.47	291.18	292.99	295.2	297.44	299.13	299.74	299.82	299.07	297.2	294.37	291.59
25.75	290.31	291.03	292.86	295.12	297.4	299.14	299.78	299.86	299.09	297.16	294.27	291.45
26.0	290.14	290.86	292.72	295.0	297.33	299.13	299.8	299.88	299.09	297.11	294.16	291.3
26.25	289.95	290.68	292.54	294.85	297.22	299.08	299.8	299.88	299.07	297.02	294.02	291.12
26.5	289.74	290.46	292.34	294.68	297.09	299.02	299.78	299.88	299.03	296.92	293.85	290.92
26.75	289.47	290.19	292.09	294.47	296.95	298.95	299.75	299.84	298.95	296.76	293.63	290.67
27.0	289.14	289.86	291.77	294.19	296.73	298.8	299.66	299.74	298.81	296.55	293.35	290.36
27.25	288.78	289.51	291.42	293.88	296.48	298.62	299.53	299.61	298.64	296.32	293.06	290.03
27.5	288.42	289.14	291.05	293.54	296.21	298.42	299.38	299.47	298.46	296.07	292.76	289.69
27.75	288.02	288.73	290.64	293.16	295.88	298.17	299.19	299.28	298.24	295.78	292.41	289.31
28.0	287.59	288.29	290.21	292.77	295.55	297.93	299.0	299.09	298.0	295.47	292.03	288.9
28.25	287.21	287.91	289.83	292.44	295.27	297.73	298.85	298.94	297.81	295.2	291.7	288.55
28.5	286.86	287.56	289.48	292.12	295.0	297.53	298.69	298.78	297.63	294.96	291.41	288.22
28.75	286.55	287.25	289.17	291.82	294.75	297.34	298.56	298.66	297.47	294.74	291.14	287.92
29.0	286.31	287.01	288.94	291.62	294.59	297.23	298.49	298.6	297.37	294.59	290.94	287.7
29.25	286.06	286.76	288.7	291.41	294.41	297.11	298.41	298.53	297.25	294.41	290.71	287.45
29.5	285.77	286.48	288.42	291.15	294.19	296.94	298.29	298.41	297.09	294.18	290.44	287.18
29.75	285.48	286.18	288.12	290.88	293.95	296.76	298.16	298.29	296.92	293.94	290.14	286.88
30.0	285.18	285.89	287.83	290.61	293.72	296.58	298.04	298.18	296.76	293.71	289.85	286.57
30.25	284.87	285.59	287.53	290.32	293.47	296.39	297.91	298.05	296.59	293.47	289.56	286.27
30.5	284.61	285.33	287.28	290.08	293.24	296.21	297.8	297.95	296.45	293.26	289.31	286.01
30.75	284.39	285.11	287.07	289.89	293.07	296.08	297.72	297.89	296.36	293.13	289.12	285.81
31.0	284.2	284.91	286.87	289.71	292.9	295.96	297.66	297.84	296.28	293.0	288.95	285.62
31.25	283.99	284.7	286.66	289.5	292.7	295.79	297.57	297.77	296.17	292.85	288.76	285.42
31.5	283.79	284.49	286.45	289.3	292.51	295.64	297.48	297.7	296.07	292.71	288.58	285.24
31.75	283.6	284.29	286.25	289.11	292.35	295.52	297.41	297.63	295.97	292.57	288.41	285.05
32.0	283.4	284.09	286.05	288.92	292.17	295.38	297.32	297.55	295.86	292.42	288.22	284.86
32.25	283.17	283.83	285.8	288.67	291.93	295.17	297.18	297.43	295.7	292.22	287.99	284.63
32.5	282.89	283.53	285.48	288.36	291.62	294.9	296.97	297.25	295.49	291.96	287.73	284.38
32.75	282.63	283.25	285.2	288.07	291.34	294.64	296.78	297.08	295.29	291.73	287.49	284.14
33.0	282.39	283.0	284.94	287.81	291.07	294.4	296.6	296.92	295.11	291.53	287.28	283.93
33.25	282.08	282.66	284.61	287.48	290.74	294.1	296.37	296.7	294.86	291.24	286.99	283.63
33.5	281.77	282.34	284.3	287.18	290.44	293.81	296.14	296.51	294.62	290.96	286.69	283.33
33.75	281.49	282.05	284.02	286.91	290.18	293.57	295.96	296.35	294.42	290.72	286.43	283.06
34.0	281.24	281.81	283.79	286.7	289.99	293.4	295.84	296.24	294.28	290.53	286.2	282.82
34.25	281.04	281.61	283.61	286.55	289.86	293.3	295.78	296.19	294.19	290.38	286.01	282.61
34.5	280.8	281.38	283.41	286.37	289.71	293.17	295.7	296.12	294.05	290.19	285.78	282.37
34.75	280.5	281.09	283.13	286.11	289.46	292.95	295.54	295.97	293.84	289.92	285.47	282.06
35.0	280.15	280.74	282.8	285.82	289.2	292.69	295.34	295.78	293.59	289.61	285.13	281.71
35.25	279.85	280.41	282.48	285.52	288.9	292.39	295.09	295.54	293.33	289.33	284.82	281.41
35.5	279.61	280.16	282.21	285.28	288.65	292.14	294.87	295.35	293.12	289.12	284.6	281.19
35.75	279.43	279.97	282.03	285.12	288.48	291.96	294.72	295.23	292.97	288.95	284.43	281.03
36.0	279.34	279.87	281.95	285.07	288.43	291.92	294.71	295.23	292.93	288.89	284.36	280.94
36.25	279.27	279.82	281.92	285.09	288.47	291.96	294.77	295.29	292.95	288.89	284.33	280.88
36.5	279.22	279.79	281.94	285.16	288.57	292.07	294.88	295.4	293.03	288.94	284.34	280.84
36.75	279.18	279.77	281.98	285.25	288.71	292.21	295.04	295.57	293.14	289.03	284.38	280.81
37.0	279.04	279.66	281.93	285.27	288.77	292.29	295.15	295.69	293.21	289.06	284.33	280.69
37.25	278.83	279.47	281.77	285.17	288.72	292.27	295.18	295.71	293.19	288.98	284.16	280.47
37.5	278.6	279.24	281.57	285.0	288.58	292.16	295.1	295.65	293.08	288.82	283.95	280.25
37.75	278.29	278.96	281.33	284.81	288.43	292.04	295.0	295.55	292.95	288.63	283.7	279.95
38.0	278.04	278.74	281.16	284.69	288.35	291.97	294.96	295.52	292.87	288.49	283.5	279.71
38.25	277.84	278.54	281.0	284.58	288.26	291.9	294.92	295.49	292.8	288.38	283.33	279.5
38.5	277.62	278.35	280.84	284.44	288.15	291.81	294.85	295.42	292.7	288.24	283.15	279.29
38.75	277.42	278.16	280.68	284.32	288.05	291.71	294.79	295.36	292.59	288.1	282.98	279.09
39.0	277.22	277.98	280.54	284.21	287.97	291.64	294.75	295.32	292.51	287.96	282.81	278.9
39.25	277.0	277.8	280.41	284.11	287.92	291.61	294.74	295.3	292.44	287.84	282.63	278.69
39.5	276.82	277.66	280.34	284.11	287.95	291.66	294.79	295.33	292.43	287.77	282.5	278.49
39.75	276.65	277.53	280.27	284.09	287.95	291.66	294.8	295.32	292.38	287.7	282.39	278.33
40.0	276.42	277.35	280.16	284.04	287.93	291.64	294.8	295.31	292.32	287.58	282.23	278.11
40.25	276.13	277.09	279.95	283.87	287.78	291.52	294.7	295.2	292.17	287.38	281.98	277.83
40.5	275.79	276.74	279.62	283.55	287.48	291.22	294.41	294.92	291.87	287.07	281.65	277.5
40.75	275.51	276.43	279.3	283.25	287.18	290.91	294.11	294.63	291.58	286.79	281.37	277.22
41.0	275.29	276.2	279.05	283.01	286.94	290.68	293.89	294.42	291.37	286.57	281.16	277.02
41.25	275.05	275.94	278.79	282.74	286.7	290.46	293.68	294.22	291.16	286.34	280.91	276.77
41.5	274.71	275.6	278.47	282.43	286.4	290.18	293.42	293.97	290.9	286.05	280.59	276.44
41.75	274.38	275.25	278.1	282.06	286.06	289.86	293.12	293.67	290.58	285.72	280.26	276.12
42.0	274.14	274.96	277.79	281.74	285.74	289.55	292.84	293.39	290.31	285.44	280.0	275.9
42.25	273.94	274.75	277.59	281.53	285.51	289.33	292.63	293.19	290.09	285.22	279.8	275.71
42.5	273.67	274.49	277.37	281.33	285.31	289.14	292.44	292.99	289.88	284.99	279.54	275.44
42.75	273.36	274.21	277.17	281.22	285.21	289.03	292.3	292.85	289.71	284.8	279.28	275.14
43.0	273.11	273.98	277.01	281.14	285.16	288.97	292.22	292.76	289.59	284.66	279.1	274.92
43.25	272.9	273.76	276.84	281.03	285.08	288.89	292.15	292.68	289.48	284.53	278.94	274.74
43.5	272.68	273.54	276.67	280.92	284.99	288.83	292.09	292.61	289.38	284.4	278.77	274.53
43.75	272.47	273.35	276.56	280.88	285.0	288.85	292.09	292.59	289.31	284.29	278.62	274.34
44.0	272.22	273.14	276.43	280.84	285.02	288.88	292.08	292.54	289.23	284.17	278.44	274.11
44.25	271.88	272.83	276.21	280.72	284.93	288.79	291.97	292.42	289.1	283.99	278.2	273.8
44.5	271.51	272.48	275.97	280.55	284.8	288.69	291.85	292.29	288.94	283.78	277.93	273.47
44.75	271.19	272.18	275.74	280.39	284.69	288.59	291.72	292.14	288.76	283.57	277.67	273.18
45.0	270.9	271.88	275.47	280.19	284.51	288.42	291.53	291.93	288.54	283.32	277.4	272.91
45.25	270.62	271.6	275.22	279.98	284.32	288.25	291.33	291.71	288.32	283.09	277.15	272.66
45.5	270.34	271.33	275.0	279.82	284.22	288.15	291.21	291.55	288.14	282.9	276.92	272.4
45.75	270.04	271.06	274.8	279.7	284.15	288.1	291.12	291.43	287.99	282.73	276.69	272.12
46.0	269.74	270.78	274.57	279.53	284.01	287.98	290.97	291.25	287.8	282.52	276.43	271.84
46.25	269.42	270.46	274.27	279.3	283.81	287.77	290.72	290.98	287.51	282.22	276.11	271.51
46.5	269.1	270.12	273.93	278.97	283.5	287.45	290.4	290.67	287.2	281.91	275.78	271.2
46.75	268.82	269.83	273.68	278.77	283.26	287.21	290.17	290.46	286.98	281.66	275.52	270.94
47.0	268.59	269.59	273.46	278.58	283.04	286.99	289.94	290.23	286.75	281.43	275.28	270.73
47.25	268.38	269.39	273.28	278.46	282.92	286.88	289.81	290.09	286.61	281.27	275.1	270.53
47.5	268.13	269.17	273.09	278.36	282.86	286.85	289.74	289.99	286.49	281.12	274.91	270.29
47.75	267.86	268.92	272.87	278.23	282.78	286.79	289.65	289.86	286.35	280.94	274.7	270.03
48.0	267.61	268.69	272.65	278.08	282.63	286.66	289.5	289.68	286.16	280.74	274.49	269.79
48.25	267.39	268.49	272.46	277.92	282.5	286.52	289.32	289.47	285.95	280.55	274.27	269.55
48.5	267.12	268.26	272.25	277.75	282.35	286.39	289.17	289.28	285.75	280.34	274.02	269.27
48.75	266.89	268.03	272.01	277.56	282.15	286.19	288.97	289.06	285.54	280.13	273.79	269.02
49.0	266.75	267.87	271.85	277.43	282.04	286.08	288.84	288.91	285.38	279.97	273.62	268.87
49.25	266.6	267.71	271.7	277.31	281.94	285.99	288.72	288.78	285.26	279.85	273.48	268.73
49.5	266.37	267.49	271.51	277.17	281.8	285.84	288.58	288.63	285.11	279.7	273.29	268.51
49.75	266.15	267.29	271.32	277.02	281.66	285.71	288.44	288.49	284.97	279.55	273.1	268.3
50.0	265.95	267.1	271.15	276.88	281.55	285.62	288.34	288.37	284.84	279.4	272.92	268.09
50.25	265.69	266.89	270.96	276.72	281.44	285.57	288.26	288.24	284.7	279.24	272.71	267.85
50.5	265.43	266.67	270.75	276.55	281.34	285.54	288.19	288.1	284.55	279.06	272.5	267.58
50.75	265.26	266.51	270.59	276.41	281.23	285.42	288.06	287.94	284.39	278.9	272.32	267.4
51.0	265.09	266.35	270.42	276.26	281.11	285.3	287.93	287.79	284.23	278.73	272.12	267.21
51.25	264.92	266.21	270.31	276.18	281.05	285.25	287.89	287.74	284.18	278.67	272.04	267.07
51.5	264.75	266.06	270.19	276.1	281.0	285.21	287.84	287.67	284.11	278.6	271.93	266.92
51.75	264.53	265.88	270.03	275.94	280.88	285.12	287.76	287.55	283.99	278.46	271.74	266.71
52.0	264.32	265.7	269.87	275.8	280.78	285.03	287.68	287.45	283.87	278.31	271.56	266.51
52.25	264.16	265.56	269.74	275.68	280.69	284.97	287.63	287.37	283.79	278.21	271.43	266.36
52.5	264.04	265.43	269.62	275.57	280.6	284.89	287.57	287.3	283.72	278.14	271.33	266.26
52.75	263.91	265.31	269.49	275.44	280.48	284.78	287.49	287.22	283.64	278.06	271.24	266.16
53.0	263.79	265.17	269.35	275.31	280.37	284.72	287.45	287.15	283.57	278.0	271.15	266.05
53.25	263.62	265.0	269.19	275.18	280.28	284.65	287.38	287.06	283.47	277.89	271.02	265.9
53.5	263.52	264.86	269.03	274.99	280.11	284.49	287.25	286.95	283.37	277.79	270.91	265.82
53.75	263.44	264.76	268.9	274.82	279.95	284.32	287.11	286.85	283.28	277.72	270.85	265.77
54.0	263.36	264.66	268.78	274.67	279.81	284.19	286.98	286.74	283.18	277.63	270.77	265.7
54.25	263.28	264.56	268.67	274.52	279.65	284.07	286.88	286.62	283.08	277.54	270.67	265.62
54.5	263.17	264.44	268.54	274.35	279.47	283.95	286.79	286.53	282.98	277.43	270.54	265.52
54.75	263.03	264.29	268.4	274.19	279.33	283.87	286.73	286.45	282.89	277.31	270.4	265.39
55.0	262.88	264.13	268.25	274.05	279.22	283.79	286.66	286.38	282.81	277.19	270.27	265.26
55.25	262.72	263.92	268.04	273.88	279.1	283.68	286.54	286.27	282.7	277.06	270.13	265.13
55.5	262.58	263.74	267.87	273.73	278.97	283.56	286.42	286.13	282.55	276.9	269.98	265.01
55.75	262.39	263.53	267.68	273.56	278.84	283.42	286.29	286.0	282.4	276.71	269.81	264.84
56.0	262.18	263.29	267.47	273.41	278.7	283.31	286.19	285.89	282.27	276.56	269.65	264.66
56.25	261.98	263.07	267.28	273.27	278.6	283.23	286.13	285.8	282.15	276.41	269.48	264.47
56.5	261.8	262.87	267.1	273.12	278.49	283.15	286.06	285.7	282.01	276.25	269.3	264.3
56.75	261.62	262.67	266.91	272.96	278.36	283.05	285.98	285.6	281.89	276.1	269.14	264.12
57.0	261.41	262.44	266.7	272.81	278.24	282.96	285.92	285.51	281.79	275.98	268.98	263.93
57.25	261.22	262.22	266.51	272.66	278.13	282.89	285.86	285.45	281.71	275.87	268.85	263.75
57.5	261.06	262.06	266.38	272.56	278.06	282.85	285.83	285.41	281.66	275.79	268.72	263.59
57.75	260.91	261.9	266.25	272.46	277.99	282.82	285.81	285.39	281.61	275.71	268.61	263.44
58.0	260.72	261.71	266.09	272.34	277.9	282.76	285.77	285.35	281.56	275.64	268.51	263.28
58.25	260.47	261.47	265.91	272.22	277.84	282.76	285.75	285.32	281.49	275.53	268.35	263.04
58.5	260.2	261.23	265.72	272.09	277.77	282.74	285.72	285.26	281.42	275.42	268.14	262.77
58.75	259.89	260.95	265.49	271.92	277.67	282.67	285.64	285.17	281.3	275.25	267.88	262.44
59.0	259.53	260.62	265.2	271.71	277.53	282.56	285.55	285.06	281.15	275.03	267.57	262.07
59.25	259.16	260.29	264.92	271.51	277.39	282.46	285.49	284.95	280.99	274.78	267.21	261.67
59.5	258.81	259.99	264.69	271.36	277.31	282.41	285.47	284.88	280.85	274.53	266.83	261.25
59.75	258.46	259.67	264.43	271.15	277.17	282.34	285.44	284.81	280.72	274.28	266.5	260.86
60.0	257.98	259.22	264.04	270.85	277.01	282.26	285.37	284.66	280.48	273.92	266.05	260.34
60.25	257.34	258.6	263.51	270.46	276.79	282.19	285.28	284.47	280.17	273.46	265.44	259.67
60.5	256.81	258.08	263.05	270.1	276.56	282.06	285.13	284.26	279.88	273.05	264.93	259.12
60.75	256.38	257.64	262.66	269.79	276.37	281.95	285.04	284.12	279.65	272.68	264.47	258.63
61.0	255.94	257.19	262.26	269.48	276.17	281.83	284.97	284.02	279.47	272.37	264.04	258.15
61.25	255.51	256.75	261.87	269.18	275.97	281.73	284.91	283.92	279.28	272.05	263.61	257.67
61.5	255.12	256.38	261.53	268.91	275.81	281.66	284.85	283.81	279.07	271.73	263.19	257.23
61.75	254.76	256.04	261.24	268.67	275.68	281.64	284.84	283.71	278.88	271.43	262.78	256.84
62.0	254.36	255.67	260.93	268.45	275.56	281.65	284.85	283.62	278.7	271.11	262.33	256.41
62.25	254.02	255.36	260.64	268.24	275.47	281.66	284.86	283.56	278.57	270.87	261.98	256.04
62.5	253.71	255.08	260.44	268.13	275.43	281.72	284.89	283.56	278.53	270.75	261.72	255.7
62.75	253.33	254.72	260.16	267.93	275.33	281.72	284.86	283.48	278.41	270.53	261.36	255.29
63.0	252.97	254.36	259.83	267.65	275.13	281.61	284.75	283.31	278.19	270.24	260.97	254.9
63.25	252.65	254.03	259.52	267.37	274.93	281.52	284.7	283.19	278.0	269.96	260.62	254.58
63.5	252.35	253.72	259.21	267.11	274.74	281.45	284.65	283.09	277.83	269.68	260.27	254.28
63.75	252.06	253.4	258.88	266.83	274.53	281.37	284.59	282.98	277.67	269.4	259.91	253.98
64.0	251.8	253.1	258.55	266.53	274.31	281.26	284.52	282.88	277.5	269.11	259.57	253.71
64.25	251.57	252.78	258.15	266.16	274.01	281.04	284.35	282.68	277.25	268.79	259.22	253.43
64.5	251.31	252.45	257.76	265.77	273.66	280.76	284.17	282.45	276.95	268.41	258.82	253.14
64.75	251.16	252.22	257.47	265.5	273.46	280.65	284.12	282.34	276.77	268.15	258.54	252.94
65.0	250.95	251.94	257.16	265.23	273.25	280.52	284.03	282.22	276.63	267.97	258.27	252.69
65.25	250.74	251.67	256.87	264.99	273.08	280.4	283.89	282.06	276.49	267.8	258.04	252.47
65.5	250.55	251.43	256.63	264.79	272.95	280.32	283.8	281.92	276.35	267.64	257.82	252.27
65.75	250.31	251.16	256.39	264.58	272.82	280.23	283.73	281.82	276.2	267.45	257.55	252.05
66.0	250.07	250.89	256.13	264.34	272.64	280.07	283.61	281.69	276.05	267.27	257.31	251.85
66.25	249.89	250.68	255.88	264.08	272.42	279.85	283.43	281.52	275.89	267.11	257.12	251.7
66.5	249.76	250.5	255.65	263.85	272.24	279.72	283.32	281.38	275.71	266.9	256.9	251.57
66.75	249.57	250.27	255.39	263.61	272.05	279.61	283.21	281.22	275.53	266.67	256.66	251.38
67.0	249.4	250.02	255.07	263.27	271.77	279.4	282.99	280.96	275.28	266.4	256.43	251.23
67.25	249.25	249.78	254.72	262.87	271.42	279.12	282.72	280.65	274.96	266.08	256.19	251.11
67.5	249.14	249.58	254.42	262.56	271.12	278.86	282.49	280.42	274.75	265.87	256.03	251.02
67.75	249.09	249.45	254.18	262.29	270.88	278.59	282.16	280.15	274.56	265.71	255.93	250.97
68.0	249.08	249.35	253.93	262.0	270.62	278.28	281.76	279.82	274.35	265.58	255.87	250.96
68.25	249.07	249.25	253.69	261.69	270.35	277.97	281.41	279.5	274.13	265.44	255.82	250.96
68.5	249.01	249.1	253.47	261.43	270.12	277.72	281.16	279.28	273.93	265.29	255.77	250.93
68.75	248.93	248.94	253.24	261.18	269.88	277.48	280.92	279.08	273.75	265.14	255.71	250.89
69.0	249.04	248.95	253.1	260.93	269.61	277.14	280.54	278.77	273.54	265.05	255.75	250.98
69.25	249.08	248.88	252.9	260.65	269.35	276.85	280.26	278.54	273.37	264.94	255.73	250.99
69.5	249.23	248.94	252.79	260.45	269.14	276.52	279.86	278.25	273.25	264.98	255.81	251.1
69.75	249.34	248.99	252.68	260.24	268.89	276.12	279.38	277.87	273.08	265.02	255.88	251.18
70.0	249.41	249.03	252.57	260.05	268.7	275.81	279.01	277.58	272.95	265.05	255.92	251.23
70.25	249.48	249.07	252.49	259.9	268.55	275.58	278.72	277.36	272.87	265.11	255.96	251.29
70.5	249.5	249.06	252.36	259.72	268.4	275.4	278.49	277.16	272.78	265.11	255.95	251.31
70.75	249.46	248.98	252.19	259.52	268.23	275.21	278.27	276.96	272.62	265.0	255.88	251.27
71.0	249.5	248.99	252.11	259.38	268.09	274.98	277.95	276.69	272.46	264.93	255.86	251.31
71.25	249.4	248.88	251.91	259.18	267.93	274.79	277.69	276.42	272.21	264.69	255.68	251.19
71.5	249.29	248.77	251.73	259.02	267.8	274.68	277.55	276.27	272.05	264.5	255.54	251.08
71.75	249.26	248.74	251.61	258.83	267.62	274.45	277.22	275.98	271.83	264.33	255.45	251.04
72.0	249.06	248.55	251.38	258.58	267.41	274.28	277.0	275.75	271.59	264.06	255.23	250.85
72.25	248.85	248.34	251.15	258.36	267.25	274.14	276.8	275.57	271.39	263.83	255.02	250.67
72.5	248.73	248.24	250.99	258.18	267.12	273.99	276.56	275.37	271.23	263.68	254.89	250.58
72.75	248.69	248.21	250.87	258.01	266.98	273.82	276.29	275.14	271.05	263.57	254.81	250.56
73.0	248.69	248.22	250.77	257.81	266.82	273.64	276.03	274.9	270.85	263.44	254.73	250.56
73.25	248.75	248.27	250.71	257.63	266.67	273.44	275.71	274.64	270.64	263.3	254.68	250.6
73.5	248.73	248.27	250.6	257.46	266.54	273.32	275.48	274.45	270.5	263.22	254.62	250.58
73.75	248.83	248.38	250.6	257.36	266.47	273.15	275.09	274.14	270.38	263.22	254.66	250.65
74.0	248.84	248.39	250.49	257.18	266.35	273.02	274.82	273.91	270.23	263.09	254.63	250.64
74.25	248.75	248.3	250.3	256.97	266.21	272.88	274.63	273.73	270.03	262.89	254.5	250.54
74.5	248.55	248.11	250.02	256.7	266.04	272.77	274.52	273.61	269.79	262.61	254.28	250.35
74.75	248.26	247.81	249.66	256.37	265.82	272.67	274.49	273.51	269.5	262.28	254.0	250.1
75.0	247.93	247.44	249.23	256.0	265.58	272.56	274.44	273.39	269.2	261.89	253.67	249.81
75.25	247.65	247.12	248.85	255.68	265.38	272.45	274.36	273.26	268.94	261.55	253.39	249.59
75.5	247.59	247.06	248.72	255.54	265.3	272.39	274.24	273.14	268.8	261.4	253.31	249.54
75.75	247.57	247.05	248.65	255.46	265.29	272.4	274.13	273.05	268.75	261.34	253.3	249.55
76.0	247.46	246.93	248.48	255.3	265.24	272.4	274.03	272.94	268.61	261.21	253.23	249.46
76.25	247.26	246.76	248.25	255.05	265.12	272.37	273.91	272.78	268.31	260.93	253.06	249.28
76.5	247.03	246.54	247.97	254.72	264.92	272.24	273.73	272.57	267.99	260.65	252.83	249.07
76.75	246.83	246.37	247.73	254.44	264.73	272.1	273.51	272.34	267.7	260.41	252.63	248.87
77.0	246.6	246.2	247.52	254.26	264.65	272.07	273.38	272.19	267.49	260.21	252.39	248.62
77.25	246.37	246.02	247.33	254.13	264.64	272.13	273.38	272.15	267.39	260.06	252.16	248.39
77.5	246.22	245.87	247.16	253.98	264.57	272.14	273.37	272.13	267.28	259.9	251.98	248.22
77.75	246.09	245.76	246.97	253.77	264.42	272.05	273.28	272.0	267.05	259.66	251.78	248.06
78.0	245.89	245.57	246.7	253.51	264.23	271.95	273.17	271.85	266.77	259.33	251.47	247.83
78.25	245.67	245.36	246.42	253.27	264.08	271.92	273.21	271.83	266.54	259.02	251.13	247.58
78.5	245.58	245.28	246.29	253.14	263.99	271.91	273.23	271.83	266.42	258.86	251.0	247.49
78.75	245.48	245.19	246.16	253.01	263.92	271.93	273.25	271.83	266.32	258.69	250.85	247.39
79.0	245.27	244.98	245.91	252.82	263.86	271.99	273.3	271.85	266.16	258.36	250.59	247.16
79.25	245.12	244.83	245.73	252.66	263.82	272.03	273.33	271.87	266.04	258.1	250.4	247.01
79.5	245.11	244.8	245.66	252.58	263.79	272.05	273.33	271.88	265.98	258.0	250.36	246.99
79.75	245.05	244.7	245.53	252.47	263.71	272.02	273.31	271.87	265.89	257.87	250.26	246.92
80.0	244.9	244.52	245.33	252.3	263.6	271.98	273.28	271.83	265.73	257.63	250.03	246.73
80.25	244.91	244.51	245.33	252.3	263.62	272.04	273.32	271.87	265.66	257.5	249.91	246.69
80.5	244.98	244.6	245.38	252.32	263.64	272.07	273.31	271.88	265.66	257.51	249.94	246.77
80.75	244.81	244.4	245.16	252.16	263.58	272.07	273.33	271.9	265.56	257.35	249.76	246.61
81.0	244.8	244.43	245.16	252.18	263.65	272.19	273.42	271.99	265.5	257.3	249.68	246.58
81.25	244.73	244.38	245.11	252.13	263.67	272.29	273.5	272.03	265.39	257.16	249.54	246.51
81.5	244.61	244.26	244.99	252.07	263.72	272.42	273.61	272.11	265.33	257.02	249.4	246.42
81.75	244.59	244.22	244.96	252.07	263.8	272.56	273.71	272.22	265.34	256.98	249.38	246.45
82.0	244.65	244.25	245.01	252.11	263.87	272.65	273.77	272.3	265.35	256.97	249.4	246.55
82.25	244.67	244.23	245.01	252.11	263.89	272.71	273.82	272.37	265.34	256.93	249.41	246.62
82.5	244.71	244.25	245.0	252.14	263.96	272.8	273.87	272.48	265.41	256.98	249.44	246.67
82.75	244.77	244.3	245.07	252.23	264.13	272.99	273.99	272.67	265.58	257.09	249.52	246.74
83.0	244.68	244.2	245.01	252.2	264.23	273.13	274.03	272.77	265.65	257.13	249.46	246.68
83.25	244.71	244.21	245.05	252.26	264.31	273.21	274.05	272.85	265.77	257.24	249.49	246.71
83.5	244.81	244.29	245.15	252.37	264.45	273.34	274.13	272.98	265.94	257.41	249.58	246.79
83.75	244.79	244.27	245.14	252.38	264.52	273.41	274.15	273.03	266.04	257.46	249.57	246.78
84.0	244.7	244.17	245.05	252.33	264.51	273.4	274.13	273.02	266.07	257.44	249.48	246.72
84.25	244.65	244.1	245.01	252.31	264.49	273.4	274.11	273.02	266.11	257.45	249.42	246.69
84.5	244.61	244.06	244.99	252.31	264.5	273.4	274.11	273.02	266.14	257.46	249.41	246.68
84.75	244.57	244.01	244.97	252.29	264.49	273.39	274.1	273.02	266.16	257.44	249.36	246.66
85.0	244.54	243.98	244.96	252.28	264.49	273.4	274.09	273.02	266.19	257.44	249.34	246.63
85.25	244.49	243.93	244.92	252.27	264.48	273.39	274.09	273.01	266.19	257.41	249.31	246.59
85.5	244.46	243.89	244.9	252.26	264.47	273.39	274.08	273.01	266.2	257.41	249.3	246.57
85.75	244.42	243.83	244.86	252.24	264.46	273.39	274.08	273.01	266.19	257.4	249.29	246.54
86.0	244.36	243.74	244.78	252.2	264.44	273.38	274.08	273.01	266.17	257.4	249.31	246.5
86.25	244.29	243.64	244.7	252.16	264.42	273.38	274.08	273.01	266.15	257.39	249.32	246.46
86.5	244.23	243.57	244.65	252.14	264.41	273.38	274.07	273.01	266.13	257.34	249.3	246.43
86.75	244.18	243.48	244.6	252.11	264.39	273.38	274.07	273.0	266.12	257.29	249.3	246.39
87.0	244.11	243.37	244.5	252.05	264.37	273.38	274.07	273.0	266.09	257.22	249.3	246.35
87.25	244.03	243.25	244.39	251.98	264.35	273.37	274.07	273.0	266.06	257.13	249.24	246.27
87.5	243.98	243.19	244.34	251.95	264.33	273.37	274.07	273.0	266.04	257.07	249.22	246.22
87.75	243.92	243.13	244.31	251.93	264.32	273.37	274.07	273.0	266.02	257.01	249.19	246.17
88.0	243.77	243.0	244.23	251.9	264.3	273.37	274.07	273.01	265.96	256.91	249.14	246.04
88.25	243.66	242.9	244.15	251.88	264.29	273.37	274.07	273.01	265.91	256.83	249.11	245.94
88.5	243.6	242.84	244.11	251.86	264.27	273.37	274.08	273.01	265.89	256.75	249.07	245.88
88.75	243.55	242.78	244.06	251.83	264.25	273.37	274.08	273.01	265.87	256.66	249.02	245.82
89.0	243.48	242.71	243.99	251.8	264.23	273.37	274.08	273.02	265.84	256.51	248.92	245.72
89.25	243.4	242.63	243.92	251.76	264.21	273.37	274.08	273.02	265.81	256.32	248.8	245.6
89.5	243.37	242.6	243.9	251.75	264.19	273.37	274.08	273.02	265.79	256.25	248.76	245.55
89.75	243.37	242.59	243.89	251.76	264.19	273.37	274.08	273.02	265.79	256.23	248.76	245.54
90.0	243.35	242.57	243.88	251.76	264.18	273.37	274.08	273.03	265.81	256.23	248.75	245.53
