zonal-annual-mean cloud cover from NorESM2-MM CMIP6 pre-industrial control spin-up simulation [creation data: 2020-01-02T06:12:27Z] 

Reference for NorESM2: Seland, Ø., Bentsen, M., Olivié, D., Toniazzo, T., Gjermundsen, A., Graff, L. S., Debernard, J. B., Gupta, A. K., He, Y.-C., Kirkevåg, A., Schwinger, J., Tjiputra, J., Aas, K. S., Bethke, I., Fan, Y., Griesfeller, J., Grini, A., Guo, C., Ilicak, M., Karset, I. H. H., Landgren, O., Liakka, J., Moseid, K. O., Nummelin, A., Spensberger, C., Tang, H., Zhang, Z., Heinze, C., Iversen, T., and Schulz, M.: Overview of the Norwegian Earth System Model (NorESM2) and key climate response of CMIP6 DECK, historical, and scenario simulations, Geosci. Model Dev., 13, 6165–6200, https://doi.org/10.5194/gmd-13-6165-2020, 2020. 
 
Latitude	Cloud Cover	Cloud Cover (Land)	Cloud Cover (Ocean)
-90.0	65.01	65.01	
-89.05759162303664	65.27	65.27	
-88.1151832460733	63.7	63.7	
-87.17277486910994	61.24	61.24	
-86.2303664921466	59.27	59.27	
-85.28795811518324	58.63	58.63	
-84.3455497382199	57.82	57.82	
-83.40314136125654	57.67	57.67	
-82.46073298429319	57.97	57.97	
-81.51832460732984	58.68	58.68	
-80.57591623036649	59.53	59.53	
-79.63350785340315	60.16	60.16	
-78.69109947643979	60.51	60.51	
-77.74869109947645	61.43	60.38	71.19
-76.80628272251309	62.09	60.74	67.94
-75.86387434554973	62.36	60.27	69.85
-74.92146596858639	62.81	59.57	71.94
-73.97905759162303	63.7	58.72	74.16
-73.03664921465969	65.08	58.27	76.4
-72.09424083769633	66.75	57.99	78.3
-71.15183246073298	69.2	59.31	79.37
-70.20942408376963	72.23	61.31	79.71
-69.26701570680629	75.16	62.06	81.77
-68.32460732984293	78.15	64.11	83.84
-67.38219895287958	80.96	68.4	84.63
-66.43979057591623	83.62	70.97	85.2
-65.49738219895288	86.03	85.31	86.04
-64.55497382198953	88.58	87.59	88.59
-63.61256544502618	90.11	83.66	90.15
-62.67015706806283	90.88		90.88
-61.72774869109948	91.25		91.25
-60.78534031413612	91.35		91.35
-59.84293193717278	91.31		91.31
-58.90052356020942	91.24		91.24
-57.95811518324607	91.1		91.1
-57.01570680628272	90.9		90.9
-56.07329842931937	90.62		90.62
-55.13089005235602	90.18	91.73	90.17
-54.18848167539267	89.51	88.85	89.52
-53.24607329842932	88.74	86.2	88.78
-52.303664921465966	88.03	84.8	88.07
-51.361256544502616	87.3	81.76	87.44
-50.41884816753927	86.61	81.25	86.72
-49.47643979057592	85.84	76.64	86.03
-48.53403141361257	85.01	73.38	85.3
-47.59162303664922	84.03	70.01	84.43
-46.64921465968587	83.01	69.58	83.35
-45.70680628272251	81.96	72.42	82.29
-44.76439790575916	80.91	69.38	81.32
-43.82198952879581	79.77	65.36	80.23
-42.87958115183246	78.6	66.16	79.03
-41.93717277486911	77.35	66.54	77.8
-40.99476439790576	75.76	61.42	76.41
-40.05235602094241	73.96	53.47	74.77
-39.109947643979055	72.14	53.17	73.04
-38.167539267015705	70.11	55.77	71.3
-37.225130890052355	67.83	52.7	68.99
-36.282722513089006	65.58	49.89	66.86
-35.340314136125656	63.3	47.23	64.7
-34.397905759162306	61.1	48.29	62.65
-33.455497382198956	58.73	46.59	60.86
-32.5130890052356	56.68	43.65	59.22
-31.57068062827225	54.75	41.01	57.99
-30.6282722513089	52.96	38.35	56.63
-29.68586387434555	51.56	37.14	55.17
-28.7434554973822	50.47	36.64	54.11
-27.80104712041885	49.48	36.62	53.0
-26.8586387434555	48.7	36.53	51.98
-25.916230366492144	48.15	37.23	51.14
-24.9738219895288	47.76	37.64	50.63
-24.031413612565444	47.54	38.44	50.41
-23.0890052356021	47.54	39.93	49.98
-22.146596858638745	47.7	41.32	49.76
-21.204188481675388	48.02	42.83	49.62
-20.261780104712045	48.39	44.69	49.6
-19.31937172774869	48.85	46.67	49.57
-18.376963350785346	49.33	48.11	49.71
-17.43455497382199	49.8	49.45	49.9
-16.492146596858646	50.38	51.55	50.03
-15.54973821989529	50.91	53.03	50.29
-14.607329842931932	51.63	54.97	50.69
-13.66492146596859	52.59	57.23	51.29
-12.722513089005233	53.29	58.4	51.98
-11.78010471204189	53.82	59.01	52.57
-10.837696335078533	54.32	59.43	53.15
-9.89528795811519	54.7	60.02	53.39
-8.952879581151834	54.99	61.14	53.31
-8.010471204188477	55.48	63.62	53.03
-7.068062827225134	55.86	65.14	52.87
-6.125654450261777	56.39	65.82	53.39
-5.1832460732984345	57.18	67.07	54.12
-4.240837696335078	58.11	69.71	54.52
-3.298429319371735	59.08	72.12	54.49
-2.356020942408378	59.9	74.48	55.17
-1.4136125654450211	60.85	75.87	56.11
-0.47120418848167844	61.87	77.61	57.33
0.47120418848167844	63.1	77.95	58.97
1.4136125654450211	64.8	77.45	61.31
2.356020942408378	66.76	77.64	63.84
3.2984293193717207	68.3	76.3	66.25
4.240837696335078	69.25	75.28	67.7
5.1832460732984345	69.57	73.5	68.39
6.125654450261777	68.97	72.45	67.95
7.068062827225134	67.39	70.5	66.37
8.010471204188477	65.32	67.72	64.45
8.952879581151834	63.18	64.57	62.74
9.895287958115176	61.21	61.76	61.03
10.837696335078533	59.08	60.35	58.72
11.78010471204189	57.07	58.42	56.8
12.722513089005233	55.22	55.79	55.08
13.66492146596859	53.65	52.67	53.97
14.607329842931932	52.2	50.81	52.68
15.54973821989529	50.72	47.4	51.91
16.492146596858632	49.51	45.47	51.12
17.43455497382199	48.33	43.33	50.49
18.376963350785346	47.24	40.42	50.19
19.31937172774869	46.46	38.41	49.94
20.261780104712045	45.64	37.05	49.62
21.204188481675388	44.86	35.69	49.66
22.146596858638745	44.4	34.8	49.52
23.089005235602087	44.15	34.92	49.27
24.031413612565444	44.07	34.5	49.48
24.9738219895288	44.01	34.35	49.23
25.916230366492144	44.09	33.57	51.07
26.8586387434555	44.55	33.57	52.38
27.801047120418843	45.39	33.8	53.66
28.7434554973822	46.2	34.4	54.88
29.685863874345543	46.93	35.09	56.27
30.6282722513089	47.98	35.96	58.1
31.570680628272257	49.36	37.76	57.93
32.5130890052356	50.9	39.86	58.81
33.455497382198956	52.47	42.29	59.34
34.3979057591623	53.7	43.77	60.63
35.340314136125656	55.15	45.48	61.88
36.282722513089	56.13	45.99	63.47
37.225130890052355	56.9	44.6	66.48
38.16753926701571	57.74	44.48	68.34
39.10994764397907	58.36	44.96	69.39
40.0523560209424	59.09	45.08	71.29
40.994764397905755	59.93	45.02	73.65
41.93717277486911	60.98	46.01	74.38
42.87958115183247	61.74	47.15	75.53
43.8219895287958	62.34	46.63	77.84
44.764397905759154	63.01	47.65	79.7
45.70680628272251	63.95	49.17	81.42
46.64921465968587	65.31	51.23	82.65
47.591623036649224	66.74	53.92	83.94
48.53403141361255	68.15	56.57	84.6
49.47643979057591	69.61	58.78	84.76
50.41884816753927	70.97	61.33	85.27
51.36125654450262	72.51	64.03	85.83
52.30366492146598	73.82	66.2	85.62
53.24607329842931	74.78	67.84	85.86
54.188481675392666	75.73	69.33	84.96
55.13089005235602	76.57	70.84	83.73
56.07329842931938	77.58	72.39	83.97
57.01570680628271	78.4	73.99	83.92
57.958115183246065	78.55	74.42	83.17
58.90052356020942	78.48	74.57	83.37
59.84293193717278	78.37	74.68	83.62
60.785340314136135	78.42	75.4	84.64
61.727748691099464	78.77	76.12	84.88
62.67015706806282	78.8	76.52	84.45
63.61256544502618	78.71	76.89	83.61
64.55497382198953	78.86	77.48	83.42
65.49738219895289	78.96	77.86	82.99
66.43979057591622	79.09	77.78	83.6
67.38219895287958	79.18	77.9	83.42
68.32460732984293	78.98	77.69	82.34
69.26701570680629	78.43	76.21	82.66
70.20942408376962	78.46	75.35	81.89
71.15183246073298	78.53	75.03	81.34
72.09424083769633	78.5	75.12	80.88
73.03664921465969	78.41	74.77	80.37
73.97905759162305	78.13	73.58	79.46
74.92146596858638	77.84	73.62	79.33
75.86387434554973	77.34	71.88	79.14
76.80628272251309	76.49	66.35	79.33
77.74869109947645	75.59	64.25	78.49
78.6910994764398	75.24	64.4	78.86
79.63350785340313	75.27	65.44	78.61
80.57591623036649	75.63	63.77	79.23
81.51832460732984	75.89	64.06	78.74
82.4607329842932	76.08	66.18	77.81
83.40314136125653	76.86	66.26	77.2
84.34554973821989	77.49		77.49
85.28795811518324	77.8		77.8
86.2303664921466	78.0		78.0
87.17277486910996	78.1		78.1
88.11518324607329	78.14		78.14
89.05759162303664	78.56		78.56
90.0	78.0		78.0
