Selection of zonal-mean variables from ICE-6G_C 

References: 
Argus, D.F., Peltier, W.R., Drummond, R. and Moore, A.W.(2014) The Antarctica component of postglacial rebound model ICE-6G_C (VM5a) based upon GPS positioning, exposure age dating of ice thicknesses, and relative sea level histories. Geophys. J. Int., 198(1), 537-563, doi:10.1093/gji/ggu140. 
& 
Peltier, W.R., Argus, D.F. and Drummond, R. (2015) Space geodesy constrains ice-age terminal deglaciation: The global ICE-6G_C (VM5a) model. J. Geophys. Res. Solid Earth, 120, 450-487, doi:10.1002/2014JB011176. 

Latitude	lf_pd	lf_lgm	orog_pd	orog_lgm	if_pd	if_lgm
-89.5	1.0	1.0	2822.417236328125	2959.2216796875	1.0	1.0
-88.5	1.0	1.0	2888.31396484375	3034.688720703125	1.0	1.0
-87.5	1.0	1.0	2793.68896484375	2951.815185546875	1.0	1.0
-86.5	1.0	1.0	2606.572265625	2841.99755859375	1.0	1.0
-85.5	0.9838734436035156	1.0	2406.322509765625	2590.075439453125	0.9986667633056641	1.0
-84.5	0.935956802368164	1.0	2230.412109375	2412.401123046875	0.9991343688964843	1.0
-83.5	0.9	1.0	2162.617919921875	2318.354248046875	1.0	1.0
-82.5	0.8483796691894532	1.0	2155.54248046875	2224.44091796875	0.9995452117919922	1.0
-81.5	0.8022376251220703	1.0	2244.128662109375	2183.990478515625	1.0	1.0
-80.5	0.7475308227539063	1.0	2413.7666015625	2164.301025390625	1.0	1.0
-79.5	0.7596450805664062	1.0	2389.05615234375	2209.228759765625	0.9999999237060547	1.0
-78.5	0.7787808990478515	1.0	2380.972900390625	2234.35546875	0.9995912933349609	1.0
-77.5	0.7546296691894532	0.9793209838867187	2442.1650390625	2228.359375	0.99448486328125	1.0
-76.5	0.7207561492919922	0.8748457336425781	2491.616455078125	2369.885498046875	0.9976358795166016	0.9984136962890625
-75.5	0.7052469635009766	0.8586419677734375	2350.572265625	2309.582763671875	0.9986217498779297	0.9955817413330078
-74.5	0.6257715988159179	0.7767745971679687	2462.721923828125	2344.91259765625	0.9956192779541015	0.9905178070068359
-73.5	0.5834104919433594	0.7403549194335938	2430.79345703125	2252.587646484375	0.9913179016113282	0.9807444763183594
-72.5	0.5284722137451172	0.6658179473876953	2402.541015625	2182.77392578125	0.9965546417236328	0.9904689025878907
-71.5	0.5095679092407227	0.5964506149291993	2015.9307861328125	1949.3853759765625	0.995203857421875	0.9836737823486328
-70.5	0.4093364334106445	0.5274691390991211	1991.52001953125	1808.6490478515625	0.9921981811523437	0.9806600189208985
-69.5	0.3406635665893555	0.41759262084960935	1925.528076171875	1868.0079345703125	0.9872027587890625	0.9797633361816406
-68.5	0.2867283821105957	0.33726852416992187	1626.893798828125	1718.1953125	0.9829061889648437	0.9631122589111328
-67.5	0.21689815521240235	0.27422840118408204	1103.5364990234375	1282.4573974609375	0.9673110198974609	0.9433619689941406
-66.5	0.08981481552124024	0.18001543045043944	648.3457641601562	744.7838134765625	0.89316650390625	0.8935085296630859
-65.5	0.0	0.059104938507080075	349.86968994140625	394.4732360839844	0.7696542358398437	0.8370413208007812
-64.5	0.0	0.02415123224258423	302.3795471191406	638.9627685546875	0.6041666412353516	0.9140264892578125
-63.5	0.0	0.01790123462677002	314.2685241699219	652.0272216796875	0.44665409088134767	0.9122066497802734
-62.5	0.0	0.0	0.7317606806755066	199.93466186523438	0.41944442749023436	0.5476939392089843
-61.5	0.0	0.0		32.318119049072266		0.299013671875
-60.5	0.0	0.0	0.0	18.6182804107666	0.0	0.0
-59.5	0.0	0.0				
-58.5	0.0	0.0				
-57.5	0.0	0.0		0.0		0.0
-56.5	0.0	0.0		0.0		0.0
-55.5	0.0	0.0	0.0	451.29376220703125	0.0	0.45166015625
-54.5	0.012731481790542603	0.030941357612609865	432.62725830078125	642.8922729492188	0.0	0.4315773010253906
-53.5	0.010030863285064697	0.02052469253540039	121.18461608886719	792.2311401367188	0.0	0.7729740142822266
-52.5	0.011342592239379883	0.023688271045684814	68.7959213256836	521.8873291015625	0.0	0.5544697952270508
-51.5	0.015972222089767455	0.030787038803100585	178.8623046875	294.9355163574219	0.0	0.29594820022583007
-50.5	0.015817902088165282	0.030709877014160156	387.0146179199219	409.7862243652344	0.0	0.3008793830871582
-49.5	0.0212191367149353	0.03557099103927612	238.70726013183594	333.18817138671875	0.0	0.2359002113342285
-48.5	0.02245370388031006	0.036882717609405515	538.7216796875	502.857177734375	0.0	0.222280330657959
-47.5	0.023611111640930174	0.03672839641571045	498.7794189453125	534.9659423828125	0.0	0.2337184715270996
-46.5	0.024228396415710448	0.04429011821746826	249.35191345214844	319.82928466796875	0.0	0.1962350082397461
-45.5	0.029012346267700197	0.04899691581726074	496.7353515625	471.8772888183594	0.0	0.2357392692565918
-44.5	0.0314814829826355	0.05162036895751953	521.55517578125	481.81817626953125	0.0	0.22832586288452147
-43.5	0.03294753074645996	0.05570987701416016	573.0444946289062	531.965576171875	0.0	0.18325830459594727
-42.5	0.03796296119689942	0.05949074268341065	698.4502563476562	628.6761474609375	0.0	0.1680267333984375
-41.5	0.03973765850067139	0.06327160835266113	653.9359130859375	539.3925170898438	0.0	0.0885331916809082
-40.5	0.03649691343307495	0.07021605014801026	491.25262451171875	364.99896240234375	0.0	0.05604395389556885
-39.5	0.038966047763824466	0.07461419582366943	365.6742858886719	296.35205078125	0.0	0.052740440368652344
-38.5	0.057561726570129396	0.08132716178894044	341.27410888671875	336.0630798339844	0.0	0.030360529422760008
-37.5	0.07561728477478027	0.08881173133850098	416.82501220703125	447.0154724121094	0.0	0.0
-36.5	0.0743055534362793	0.09537037849426269	439.19000244140625	424.6444091796875	0.0	0.0
-35.5	0.07839506149291992	0.10393518447875977	407.3125	387.4971923828125	0.0	0.0
-34.5	0.09791666984558106	0.13425925254821777	316.5054931640625	313.8150634765625	0.0	0.0
-33.5	0.1413580322265625	0.16759260177612303	359.6034240722656	390.6117248535156	0.0	0.0
-32.5	0.16072530746459962	0.1917438316345215	426.4397277832031	443.83770751953125	0.0	0.0
-31.5	0.1864197540283203	0.19830245971679689	512.9391479492188	572.8410034179688	0.0	0.0
-30.5	0.19945985794067383	0.20609567642211915	491.4203186035156	563.2305297851562	0.0	0.0
-29.5	0.2055555534362793	0.2144290351867676	558.9755859375	622.6097412109375	0.0	0.0
-28.5	0.21226850509643555	0.22206789016723633	617.3946533203125	680.49072265625	0.0	0.0
-27.5	0.2184413719177246	0.2256944465637207	637.2304077148438	703.6153564453125	0.0	0.0
-26.5	0.219135799407959	0.2284722137451172	687.5753784179688	747.3338623046875	0.0	0.0
-25.5	0.22237653732299806	0.24066356658935548	712.2111206054688	744.2380981445312	0.0	0.0
-24.5	0.23765432357788085	0.2523919868469238	628.5035400390625	678.8048095703125	0.0	0.0
-23.5	0.2426697540283203	0.25501543045043945	630.915283203125	687.1334838867188	0.0	0.0
-22.5	0.25084877014160156	0.26651233673095703	670.6210327148438	718.4279174804688	0.0	0.0
-21.5	0.24953702926635743	0.270910472869873	681.1116943359375	714.792724609375	0.0	0.0
-20.5	0.241898136138916	0.2673611068725586	717.0587158203125	733.7339477539062	0.0	0.0
-19.5	0.23202159881591797	0.26550928115844724	783.1448974609375	767.68994140625	0.0	0.0
-18.5	0.23487651824951172	0.25648147583007813	751.9119873046875	777.332275390625	0.0	0.0
-17.5	0.2414352035522461	0.26442901611328123	734.48291015625	757.2787475585938	0.0	0.0
-16.5	0.2388888931274414	0.2699074172973633	729.6072387695312	734.234619140625	0.0	0.0
-15.5	0.23155864715576172	0.26157405853271487	791.7127075195312	786.423583984375	0.0	0.0
-14.5	0.21859567642211913	0.25185182571411135	873.4151611328125	844.0390625	0.0	0.0
-13.5	0.20841047286987305	0.24205245971679687	867.7117919921875	832.8438110351562	0.0	0.0
-12.5	0.2024691390991211	0.2434413719177246	721.2307739257812	683.2520141601562	0.0	0.0
-11.5	0.19043210983276368	0.2429783821105957	756.5635986328125	677.1288452148438	0.0	0.0
-10.5	0.1930555534362793	0.24992284774780274	725.3628540039062	638.9204711914062	0.0	0.0
-9.5	0.20702159881591797	0.250771598815918	580.9075317382812	563.8736572265625	0.0	0.0
-8.5	0.22484567642211914	0.269135799407959	536.720458984375	542.312255859375	0.0	0.0
-7.5	0.2381944465637207	0.27067901611328127	511.5484619140625	535.4733276367188	0.0	0.0
-6.5	0.23811729431152343	0.2824074172973633	536.8650512695312	535.7536010742188	0.0	0.0
-5.5	0.23618827819824217	0.2912036895751953	444.7770080566406	441.68988037109375	0.0	0.0
-4.5	0.2390431785583496	0.28842592239379883	419.632568359375	432.8608703613281	0.0	0.0
-3.5	0.2534722137451172	0.29498456954956054	448.381591796875	480.0496520996094	0.0	0.0
-2.5	0.24243825912475586	0.28533952713012695	377.4438781738281	412.64715576171875	0.0	0.0
-1.5	0.23564813613891603	0.2770061874389648	430.8119201660156	452.38580322265625	0.0	0.0
-0.5	0.21905864715576173	0.2659722137451172	473.4006652832031	473.9486083984375	0.0	0.0
0.5	0.21921297073364257	0.2627314758300781	444.1224670410156	457.5921630859375	0.0	0.0
1.5	0.21504629135131836	0.2530864334106445	451.3688659667969	468.3537292480469	0.0	0.0
2.5	0.20771604537963867	0.2472222137451172	481.980712890625	490.6805114746094	0.0	0.0
3.5	0.20092592239379883	0.24591047286987305	477.9131774902344	471.5043029785156	0.0	0.0
4.5	0.21157405853271485	0.26566356658935547	547.5640869140625	520.5339965820312	0.0	0.0
5.5	0.22924381256103515	0.27492284774780273	602.8389892578125	592.5729370117188	0.0	0.0
6.5	0.23325618743896484	0.2850308609008789	544.0497436523438	530.5079956054688	0.0	0.0
7.5	0.24521604537963868	0.2945987701416016	491.1690368652344	488.234375	0.0	0.0
8.5	0.2506944465637207	0.30154321670532225	498.5800476074219	501.1107482910156	0.0	0.0
9.5	0.24282405853271485	0.294521598815918	510.32794189453125	502.6327819824219	0.0	0.0
10.5	0.2375	0.28896604537963866	493.286376953125	494.4569396972656	0.0	0.0
11.5	0.2148919677734375	0.263271598815918	449.79302978515625	447.6663513183594	0.0	0.0
12.5	0.2209105110168457	0.25385801315307616	419.99737548828125	453.22723388671875	0.0	0.0
13.5	0.23587961196899415	0.26404321670532227	380.32305908203125	428.15765380859375	0.0	0.0
14.5	0.25293210983276365	0.28109567642211913	486.8999328613281	526.7119750976562	0.0	0.0
15.5	0.25987653732299804	0.2934413528442383	480.42901611328125	513.7969970703125	0.0	0.0
16.5	0.27368825912475586	0.3005401229858398	454.4690246582031	502.1180114746094	0.0	0.0
17.5	0.291589527130127	0.31450618743896486	515.2462158203125	568.9985961914062	0.0	0.0
18.5	0.3111111068725586	0.3439043426513672	470.0218200683594	512.5382080078125	0.0	0.0
19.5	0.31118825912475584	0.34266975402832034	550.3527221679688	586.0087280273438	0.0	0.0
20.5	0.3200617218017578	0.3667438507080078	526.4078979492188	545.14208984375	0.0	0.0
21.5	0.33672840118408204	0.3902777862548828	481.0215148925781	503.6172180175781	0.0	0.0
22.5	0.35856483459472654	0.40478397369384767	494.2587585449219	522.0413818359375	0.0	0.0
23.5	0.36311729431152345	0.39212963104248044	610.5100708007812	659.0210571289062	0.0	0.0
24.5	0.36057098388671877	0.3986882781982422	585.0146484375	619.0834350585938	0.0	0.0
25.5	0.37677467346191407	0.4236882781982422	605.65966796875	624.7366943359375	0.0	0.0
26.5	0.3902777862548828	0.4304012680053711	582.472412109375	614.8909301757812	0.0	0.0
27.5	0.4045524597167969	0.43950618743896486	745.4331665039062	771.4113159179688	0.0	0.0
28.5	0.41080245971679685	0.4645061874389648	1032.1004638671875	1000.5375366210938	0.0	0.0
29.5	0.41697532653808594	0.4706789779663086	1161.8310546875	1115.690673828125	0.0	0.0
30.5	0.44220680236816406	0.4773919677734375	1175.9459228515625	1176.3828125	0.0	0.0
31.5	0.4310185623168945	0.46689811706542966	1288.115966796875	1276.2952880859375	0.0	0.0
32.5	0.41689815521240237	0.44629634857177736	1422.2774658203125	1417.9002685546875	0.0	0.0
33.5	0.4035493850708008	0.4419753265380859	1622.30078125	1572.283447265625	0.0	0.0
34.5	0.4108796310424805	0.45686729431152345	1594.902587890625	1523.781982421875	0.0	0.0
35.5	0.42191356658935547	0.4579475402832031	1712.6614990234375	1665.3089599609375	0.0	0.0
36.5	0.4185184860229492	0.4553240966796875	1498.08935546875	1474.73681640625	0.0	0.007117436528205872
37.5	0.41921295166015626	0.4683642196655273	1369.08203125	1317.423828125	0.0	0.010378912687301636
38.5	0.4175925827026367	0.4656635665893555	1239.9771728515625	1201.1083984375	0.0	0.003479701578617096
39.5	0.43140430450439454	0.47314815521240233	1086.719970703125	1087.4427490234375	0.0	0.019569472074508668
40.5	0.4571759033203125	0.4872685623168945	941.6356201171875	997.1612548828125	0.0	0.05105898380279541
41.5	0.455478401184082	0.48634254455566406	961.7412719726562	1050.8023681640625	0.0	0.0944986629486084
42.5	0.4577160263061523	0.4939814376831055	1009.4544677734375	1109.524169921875	0.0	0.12241618156433105
43.5	0.48356483459472654	0.5448302459716797	809.099853515625	1002.038330078125	0.0	0.1753351593017578
44.5	0.49583332061767577	0.5627315139770508	646.6708374023438	881.9155883789062	0.0	0.18711149215698242
45.5	0.5102623748779297	0.5908179092407226	623.6853637695312	847.3975830078125	0.0	0.2052152633666992
46.5	0.5209877014160156	0.6036265182495117	669.4365234375	898.102783203125	0.0	0.21890047073364258
47.5	0.5433642196655274	0.6050925445556641	613.9566650390625	947.2925415039062	0.0	0.25550987243652346
48.5	0.5614198303222656	0.6072530746459961	610.5137939453125	1021.8685302734375	0.0	0.2831321334838867
49.5	0.5645061874389649	0.6213734817504882	598.0127563476562	1040.2763671875	0.0	0.3178085708618164
50.5	0.5798611068725585	0.6200617218017578	561.92822265625	1190.0223388671875	0.00545575499534607	0.32279224395751954
51.5	0.5968364334106445	0.6310956954956055	521.1133422851562	1187.202880859375	0.0027149319648742676	0.3316326522827148
52.5	0.6064043045043945	0.6537036895751953	479.1581726074219	1150.19873046875	0.005344191193580627	0.3797795867919922
53.5	0.5972222137451172	0.6598765563964843	416.8048400878906	1120.5162353515625	0.0	0.4116190719604492
54.5	0.5641974639892579	0.6612654113769532	417.5976257324219	1152.6295166015625	0.0	0.4568431854248047
55.5	0.5388117218017578	0.6518518829345703	424.3895568847656	1205.769775390625	0.005423886775970459	0.4534792709350586
56.5	0.5402006149291992	0.6736882781982422	439.7054748535156	1206.12939453125	0.0029817166924476623	0.4581925582885742
57.5	0.5318672943115235	0.7097222137451172	398.76165771484375	1134.7210693359375	0.005815077424049377	0.47083072662353515
58.5	0.531635856628418	0.7190586853027344	340.92529296875	1115.6353759765625	0.0011611029505729676	0.4793305969238281
59.5	0.5644290542602539	0.751543197631836	333.6396789550781	1099.249755859375	0.015735360383987426	0.4748788070678711
60.5	0.6314043045043946	0.7909722137451172	389.33892822265625	1160.2586669921875	0.026153476238250734	0.4741020965576172
61.5	0.6738426208496093	0.8152006530761718	464.814453125	1198.227783203125	0.03104762315750122	0.4619221878051758
62.5	0.7031636047363281	0.8368055725097656	442.98529052734375	1120.0191650390625	0.021228828430175782	0.4082129287719727
63.5	0.7183641815185546	0.8436728668212891	449.4634704589844	1116.06494140625	0.03116347551345825	0.40096004486083986
64.5	0.7600308990478516	0.8671295928955078	464.20556640625	1141.54345703125	0.030531585216522217	0.3857065200805664
65.5	0.782716064453125	0.8817130279541016	433.42425537109375	1130.20166015625	0.03641315221786499	0.41061618804931643
66.5	0.779783935546875	0.8719136047363282	395.2825927734375	1040.55810546875	0.05491649627685547	0.41169246673583987
67.5	0.7566358184814453	0.8589506530761719	450.907470703125	1066.37158203125	0.06178190231323242	0.43159797668457034
68.5	0.695293197631836	0.8491512298583984	461.3148193359375	915.813720703125	0.07814061164855957	0.43700279235839845
69.5	0.6140431976318359	0.8408950805664063	478.3236999511719	828.7189331054688	0.10755424499511719	0.44076641082763673
70.5	0.49066356658935545	0.8240740966796875	436.2784423828125	785.6873168945312	0.14291206359863282	0.4485415267944336
71.5	0.40949073791503904	0.7690586090087891	543.1607666015625	794.437744140625	0.17701202392578125	0.47251068115234374
72.5	0.36257717132568357	0.7365740966796875	641.4803466796875	753.87060546875	0.21543588638305664	0.465498161315918
73.5	0.27993825912475584	0.6969136047363281	845.8646850585938	742.0926513671875	0.3034538841247559	0.47673702239990234
74.5	0.21851852416992187	0.6770061492919922	1083.498046875	808.7555541992188	0.4405087661743164	0.5288510131835937
75.5	0.2849536895751953	0.6524691772460938	972.925048828125	987.6536865234375	0.37170928955078125	0.5887140655517578
76.5	0.2423611068725586	0.6449845123291016	1088.586181640625	1068.069091796875	0.49708602905273436	0.6963951110839843
77.5	0.2056327247619629	0.6356481552124024	1272.8636474609375	1067.210205078125	0.6422555541992188	0.7839138031005859
78.5	0.2388888931274414	0.5976080322265624	1167.4537353515625	1188.7794189453125	0.6355938339233398	0.8561222076416015
79.5	0.23788579940795898	0.5135030746459961	1024.0843505859375	1198.0830078125	0.5632028198242187	0.9186263275146485
80.5	0.2395833396911621	0.46867286682128906	880.7719116210938	1154.5843505859375	0.4765365219116211	0.9411505889892579
81.5	0.2	0.3727623748779297	655.642333984375	1175.660400390625	0.41312477111816404	0.9551910400390625
82.5	0.130324068069458	0.1718364143371582	643.7133178710938	1388.4150390625	0.19166915893554687	0.8646004486083985
83.5	0.028240740299224854	0.037114195823669434	376.65850830078125	538.8876342773438	0.0	0.7145270538330079
84.5	0.0	0.0				
85.5	0.0	0.0				
86.5	0.0	0.0				
87.5	0.0	0.0				
88.5	0.0	0.0				
89.5	0.0	0.0				
