zonal-monthly-mean surface air temperature from NorESM2-MM CMIP6 pre-industrial control spin-up simulation [creation data: 2020-01-02T06:12:27Z] 

Reference for NorESM2: Seland, Ø., Bentsen, M., Olivié, D., Toniazzo, T., Gjermundsen, A., Graff, L. S., Debernard, J. B., Gupta, A. K., He, Y.-C., Kirkevåg, A., Schwinger, J., Tjiputra, J., Aas, K. S., Bethke, I., Fan, Y., Griesfeller, J., Grini, A., Guo, C., Ilicak, M., Karset, I. H. H., Landgren, O., Liakka, J., Moseid, K. O., Nummelin, A., Spensberger, C., Tang, H., Zhang, Z., Heinze, C., Iversen, T., and Schulz, M.: Overview of the Norwegian Earth System Model (NorESM2) and key climate response of CMIP6 DECK, historical, and scenario simulations, Geosci. Model Dev., 13, 6165–6200, https://doi.org/10.5194/gmd-13-6165-2020, 2020. 
 
Latitude	0	1	2	3	4	5	6	7	8	9	10	11
-90.0	244.69	235.21	222.22	218.78	217.92	217.01	218.06	217.38	218.63	224.24	234.11	244.0
-89.05759162303664	244.5	234.96	221.94	218.43	217.51	216.56	217.63	216.95	218.12	223.76	233.77	243.74
-88.1151832460733	244.96	235.75	223.31	219.87	218.86	217.84	218.89	218.13	219.41	224.76	234.51	244.14
-87.17277486910994	246.34	237.55	225.56	222.02	221.04	219.95	221.03	220.17	221.57	226.7	236.22	245.51
-86.2303664921466	248.08	239.63	227.97	224.17	223.28	222.15	223.15	222.25	223.75	228.75	238.23	247.23
-85.28795811518324	250.44	242.28	230.91	226.82	225.92	224.75	225.62	224.73	226.3	231.25	240.86	249.58
-84.3455497382199	252.41	244.47	233.31	228.93	227.99	226.71	227.39	226.51	228.1	233.11	243.01	251.53
-83.40314136125654	253.5	245.64	234.45	229.8	228.75	227.32	227.73	226.91	228.56	233.72	244.11	252.57
-82.46073298429319	254.33	246.52	235.51	230.8	229.58	228.05	228.18	227.45	229.19	234.42	244.98	253.37
-81.51832460732984	254.64	246.86	235.98	231.22	229.85	228.29	228.19	227.65	229.42	234.67	245.33	253.66
-80.57591623036649	254.72	246.87	236.01	231.15	229.61	228.03	227.84	227.44	229.29	234.58	245.34	253.73
-79.63350785340315	254.72	246.88	236.22	231.38	229.71	228.21	227.99	227.75	229.62	234.8	245.4	253.72
-78.69109947643979	254.7	246.98	236.79	232.01	230.19	228.82	228.56	228.49	230.33	235.32	245.57	253.7
-77.74869109947645	254.8	247.41	237.83	233.07	231.15	229.86	229.63	229.7	231.51	236.27	246.09	253.83
-76.80628272251309	255.38	248.43	239.32	234.43	232.42	231.21	230.93	231.14	232.85	237.56	247.01	254.42
-75.86387434554973	256.39	249.86	241.25	236.16	234.03	232.83	232.5	232.76	234.37	239.12	248.23	255.47
-74.92146596858639	257.67	251.67	243.59	238.26	235.84	234.62	234.16	234.51	236.14	240.89	249.7	256.74
-73.97905759162303	258.77	253.35	245.79	240.36	237.54	236.25	235.6	236.04	237.77	242.45	251.01	257.78
-73.03664921465969	260.27	255.42	248.48	243.04	239.82	238.35	237.55	238.04	239.82	244.45	252.72	259.15
-72.09424083769633	262.03	257.82	251.64	246.36	242.79	241.06	240.12	240.57	242.35	246.89	254.75	260.81
-71.15183246073298	263.98	260.32	254.92	250.05	246.33	244.25	243.08	243.52	245.27	249.69	257.07	262.7
-70.20942408376963	265.71	262.67	258.0	253.47	249.75	247.46	245.98	246.45	248.12	252.43	259.27	264.38
-69.26701570680629	267.42	264.98	261.0	256.84	253.16	250.72	248.91	249.3	250.91	255.08	261.39	266.03
-68.32460732984293	269.26	267.31	263.92	260.27	256.8	254.39	252.38	252.57	254.0	257.97	263.8	267.93
-67.38219895287958	271.09	269.65	266.78	263.58	260.37	258.14	256.16	256.1	257.28	260.98	266.18	269.81
-66.43979057591623	272.58	271.68	269.24	266.26	263.29	261.19	259.34	259.08	259.99	263.42	268.07	271.29
-65.49738219895288	273.74	273.38	271.47	268.72	265.67	263.5	261.83	261.5	262.27	265.4	269.48	272.32
-64.55497382198953	274.52	274.46	273.02	270.86	268.21	266.0	264.36	263.94	264.65	267.4	270.73	273.08
-63.61256544502618	275.14	275.23	274.07	272.36	270.35	268.49	266.95	266.31	266.92	269.12	271.68	273.67
-62.67015706806283	275.66	275.83	274.81	273.36	271.71	270.17	268.81	268.05	268.57	270.34	272.39	274.18
-61.72774869109948	276.09	276.31	275.4	274.1	272.65	271.35	270.13	269.36	269.8	271.27	272.98	274.62
-60.78534031413612	276.47	276.73	275.9	274.71	273.41	272.29	271.23	270.45	270.83	272.05	273.51	275.03
-59.84293193717278	276.85	277.13	276.37	275.27	274.07	273.06	272.17	271.43	271.75	272.77	274.04	275.46
-58.90052356020942	277.22	277.52	276.82	275.79	274.68	273.76	273.0	272.33	272.6	273.45	274.58	275.9
-57.95811518324607	277.57	277.88	277.26	276.3	275.25	274.39	273.74	273.16	273.39	274.11	275.12	276.34
-57.01570680628272	277.92	278.25	277.7	276.81	275.81	275.0	274.42	273.93	274.12	274.74	275.64	276.77
-56.07329842931937	278.26	278.6	278.13	277.3	276.34	275.56	275.03	274.6	274.77	275.33	276.14	277.19
-55.13089005235602	278.58	278.93	278.51	277.72	276.79	276.03	275.53	275.14	275.31	275.84	276.6	277.58
-54.18848167539267	278.93	279.29	278.92	278.16	277.24	276.5	276.02	275.66	275.82	276.35	277.08	278.0
-53.24607329842932	279.33	279.69	279.36	278.63	277.73	277.01	276.53	276.2	276.36	276.86	277.57	278.45
-52.303664921465966	279.73	280.09	279.8	279.09	278.2	277.48	276.99	276.69	276.85	277.34	278.04	278.9
-51.361256544502616	280.23	280.6	280.34	279.64	278.76	278.03	277.52	277.24	277.4	277.89	278.6	279.44
-50.41884816753927	280.69	281.05	280.82	280.14	279.26	278.54	278.0	277.73	277.88	278.37	279.08	279.93
-49.47643979057592	281.28	281.64	281.42	280.74	279.85	279.12	278.56	278.31	278.48	278.98	279.7	280.55
-48.53403141361257	281.82	282.18	281.97	281.28	280.37	279.64	279.05	278.83	279.0	279.5	280.24	281.1
-47.59162303664922	282.44	282.81	282.59	281.89	280.97	280.22	279.6	279.39	279.57	280.07	280.83	281.71
-46.64921465968587	283.1	283.49	283.26	282.54	281.6	280.83	280.16	279.98	280.15	280.64	281.43	282.35
-45.70680628272251	283.71	284.12	283.88	283.12	282.17	281.38	280.67	280.5	280.68	281.18	281.99	282.95
-44.76439790575916	284.48	284.9	284.64	283.84	282.87	282.06	281.33	281.17	281.34	281.85	282.68	283.69
-43.82198952879581	285.22	285.65	285.35	284.53	283.55	282.72	281.96	281.82	281.97	282.5	283.34	284.39
-42.87958115183246	285.93	286.37	286.04	285.19	284.2	283.35	282.57	282.44	282.57	283.1	283.97	285.06
-41.93717277486911	286.68	287.15	286.79	285.9	284.88	283.99	283.2	283.07	283.18	283.72	284.61	285.76
-40.99476439790576	287.48	287.98	287.62	286.67	285.61	284.66	283.86	283.71	283.82	284.37	285.28	286.49
-40.05235602094241	288.2	288.73	288.36	287.34	286.21	285.21	284.4	284.26	284.37	284.93	285.88	287.14
-39.109947643979055	288.91	289.45	289.06	287.96	286.77	285.71	284.89	284.74	284.88	285.45	286.44	287.76
-38.167539267015705	289.63	290.17	289.73	288.54	287.25	286.13	285.3	285.15	285.33	285.94	286.98	288.38
-37.225130890052355	290.47	290.97	290.48	289.18	287.81	286.61	285.77	285.61	285.82	286.48	287.58	289.08
-36.282722513089006	291.19	291.67	291.14	289.78	288.34	287.07	286.21	286.05	286.29	286.98	288.14	289.71
-35.340314136125656	291.88	292.34	291.77	290.34	288.82	287.5	286.63	286.47	286.72	287.46	288.67	290.31
-34.397905759162306	292.55	292.98	292.34	290.84	289.25	287.86	286.98	286.84	287.13	287.94	289.21	290.93
-33.455497382198956	293.2	293.58	292.87	291.28	289.59	288.12	287.25	287.15	287.51	288.39	289.75	291.54
-32.5130890052356	293.84	294.17	293.41	291.74	289.95	288.41	287.55	287.49	287.93	288.91	290.35	292.16
-31.57068062827225	294.48	294.77	293.95	292.2	290.32	288.71	287.85	287.86	288.38	289.46	290.97	292.81
-30.6282722513089	295.09	295.36	294.52	292.73	290.78	289.12	288.27	288.32	288.93	290.08	291.63	293.45
-29.68586387434555	295.52	295.79	294.95	293.17	291.18	289.5	288.64	288.73	289.38	290.58	292.15	293.93
-28.7434554973822	295.9	296.18	295.37	293.61	291.58	289.88	289.02	289.15	289.85	291.08	292.65	294.37
-27.80104712041885	296.21	296.51	295.74	294.03	291.98	290.26	289.39	289.56	290.31	291.57	293.11	294.77
-26.8586387434555	296.46	296.77	296.06	294.4	292.36	290.63	289.76	289.94	290.73	292.0	293.52	295.11
-25.916230366492144	296.73	297.06	296.41	294.8	292.78	291.06	290.17	290.38	291.2	292.49	293.97	295.48
-24.9738219895288	296.98	297.33	296.74	295.2	293.21	291.49	290.6	290.83	291.7	293.0	294.43	295.84
-24.031413612565444	297.23	297.57	297.06	295.6	293.64	291.93	291.04	291.3	292.22	293.51	294.88	296.2
-23.0890052356021	297.36	297.7	297.27	295.94	294.04	292.36	291.47	291.75	292.71	293.97	295.26	296.43
-22.146596858638745	297.45	297.78	297.45	296.23	294.39	292.74	291.87	292.16	293.14	294.37	295.57	296.61
-21.204188481675388	297.54	297.86	297.63	296.54	294.79	293.18	292.3	292.58	293.57	294.74	295.85	296.77
-20.261780104712045	297.58	297.91	297.77	296.82	295.16	293.6	292.73	293.01	293.98	295.08	296.09	296.89
-19.31937172774869	297.61	297.93	297.87	297.06	295.52	294.01	293.15	293.4	294.33	295.36	296.27	296.98
-18.376963350785346	297.68	297.99	298.0	297.32	295.89	294.43	293.58	293.82	294.71	295.69	296.52	297.11
-17.43455497382199	297.79	298.07	298.15	297.59	296.29	294.89	294.05	294.27	295.13	296.04	296.77	297.28
-16.492146596858646	297.89	298.18	298.3	297.85	296.65	295.31	294.47	294.65	295.46	296.31	296.97	297.41
-15.54973821989529	298.0	298.29	298.44	298.09	297.0	295.71	294.9	295.06	295.82	296.58	297.17	297.55
-14.607329842931932	298.06	298.32	298.49	298.21	297.23	295.98	295.18	295.28	295.99	296.72	297.26	297.63
-13.66492146596859	298.23	298.48	298.66	298.46	297.61	296.43	295.65	295.71	296.36	297.01	297.48	297.82
-12.722513089005233	298.41	298.65	298.83	298.69	297.93	296.83	296.07	296.1	296.73	297.33	297.74	298.04
-11.78010471204189	298.61	298.86	299.05	298.95	298.27	297.22	296.48	296.48	297.05	297.6	297.97	298.26
-10.837696335078533	298.74	298.99	299.18	299.11	298.51	297.51	296.79	296.78	297.31	297.79	298.12	298.4
-9.89528795811519	298.87	299.11	299.31	299.26	298.74	297.8	297.11	297.09	297.59	298.03	298.33	298.56
-8.952879581151834	298.95	299.19	299.41	299.38	298.96	298.08	297.41	297.38	297.82	298.21	298.47	298.66
-8.010471204188477	298.97	299.2	299.44	299.44	299.09	298.27	297.63	297.61	298.0	298.34	298.54	298.7
-7.068062827225134	299.0	299.23	299.48	299.51	299.23	298.47	297.86	297.85	298.18	298.48	298.63	298.75
-6.125654450261777	299.02	299.25	299.52	299.58	299.34	298.64	298.06	298.04	298.31	298.59	298.71	298.79
-5.1832460732984345	299.01	299.24	299.51	299.59	299.38	298.73	298.2	298.17	298.38	298.61	298.71	298.77
-4.240837696335078	298.93	299.17	299.41	299.49	299.3	298.71	298.21	298.18	298.34	298.53	298.61	298.68
-3.298429319371735	298.8	299.04	299.25	299.31	299.15	298.62	298.15	298.11	298.22	298.37	298.44	298.53
-2.356020942408378	298.75	298.97	299.14	299.18	299.03	298.57	298.15	298.1	298.16	298.27	298.33	298.45
-1.4136125654450211	298.7	298.91	299.05	299.08	298.96	298.57	298.17	298.11	298.13	298.2	298.27	298.4
-0.47120418848167844	298.67	298.87	299.01	299.04	298.94	298.59	298.22	298.12	298.12	298.18	298.25	298.4
0.47120418848167844	298.69	298.9	299.04	299.08	298.99	298.65	298.29	298.18	298.18	298.25	298.31	298.45
1.4136125654450211	298.79	299.01	299.18	299.21	299.13	298.8	298.44	298.34	298.36	298.44	298.49	298.6
2.356020942408378	298.93	299.17	299.38	299.42	299.32	298.97	298.64	298.55	298.6	298.69	298.73	298.78
3.2984293193717207	299.03	299.27	299.53	299.6	299.48	299.13	298.82	298.75	298.82	298.91	298.94	298.93
4.240837696335078	299.03	299.28	299.6	299.68	299.57	299.22	298.92	298.87	298.97	299.04	299.05	298.98
5.1832460732984345	299.09	299.31	299.67	299.78	299.66	299.3	299.02	299.01	299.12	299.17	299.18	299.06
6.125654450261777	299.08	299.26	299.65	299.84	299.77	299.41	299.12	299.13	299.25	299.27	299.3	299.14
7.068062827225134	298.97	299.14	299.58	299.87	299.84	299.51	299.2	299.22	299.33	299.35	299.39	299.14
8.010471204188477	298.82	299.01	299.51	299.92	299.93	299.63	299.32	299.34	299.48	299.52	299.52	299.1
8.952879581151834	298.65	298.84	299.38	299.94	300.02	299.73	299.42	299.45	299.61	299.67	299.57	299.01
9.895287958115176	298.39	298.57	299.18	299.94	300.16	299.91	299.58	299.59	299.77	299.8	299.58	298.86
10.837696335078533	298.11	298.29	298.92	299.86	300.25	300.08	299.78	299.8	299.99	299.92	299.57	298.68
11.78010471204189	297.82	298.01	298.69	299.73	300.28	300.2	299.91	299.95	300.14	300.02	299.54	298.47
12.722513089005233	297.49	297.71	298.45	299.6	300.27	300.26	299.99	300.04	300.23	300.05	299.4	298.17
13.66492146596859	297.06	297.3	298.1	299.37	300.17	300.26	300.06	300.09	300.23	299.96	299.14	297.77
14.607329842931932	296.55	296.82	297.69	299.09	300.01	300.21	300.11	300.13	300.21	299.82	298.81	297.28
15.54973821989529	296.08	296.39	297.33	298.83	299.87	300.2	300.24	300.3	300.26	299.69	298.5	296.83
16.492146596858632	295.58	295.93	296.97	298.59	299.72	300.14	300.29	300.39	300.23	299.52	298.15	296.36
17.43455497382199	295.08	295.47	296.57	298.31	299.54	300.06	300.3	300.47	300.2	299.33	297.79	295.87
18.376963350785346	294.54	294.97	296.15	298.02	299.37	299.98	300.27	300.46	300.1	299.07	297.37	295.36
19.31937172774869	293.97	294.44	295.68	297.64	299.09	299.82	300.13	300.33	299.91	298.75	296.92	294.81
20.261780104712045	293.45	293.95	295.27	297.33	298.89	299.74	300.07	300.28	299.81	298.51	296.54	294.32
21.204188481675388	292.89	293.45	294.89	297.1	298.76	299.71	300.03	300.24	299.73	298.3	296.15	293.79
22.146596858638745	292.28	292.88	294.38	296.7	298.47	299.54	299.88	300.1	299.57	298.0	295.67	293.2
23.089005235602087	291.68	292.28	293.82	296.2	298.07	299.29	299.65	299.89	299.35	297.65	295.18	292.62
24.031413612565444	291.03	291.64	293.22	295.63	297.61	299.0	299.38	299.64	299.1	297.26	294.65	292.0
24.9738219895288	290.39	291.02	292.63	295.07	297.15	298.72	299.17	299.47	298.91	296.91	294.11	291.37
25.916230366492144	289.71	290.37	292.08	294.59	296.82	298.62	299.14	299.47	298.82	296.58	293.56	290.7
26.8586387434555	288.88	289.53	291.27	293.81	296.18	298.27	298.9	299.23	298.45	295.98	292.78	289.86
27.801047120418843	287.75	288.4	290.19	292.79	295.31	297.68	298.45	298.74	297.83	295.13	291.74	288.76
28.7434554973822	286.52	287.17	289.06	291.75	294.38	297.02	297.94	298.22	297.2	294.27	290.71	287.6
29.685863874345543	285.48	286.14	288.1	290.89	293.64	296.49	297.58	297.86	296.69	293.52	289.76	286.57
30.6282722513089	284.6	285.25	287.3	290.15	293.0	296.03	297.31	297.59	296.25	292.84	288.94	285.68
31.570680628272257	283.86	284.47	286.56	289.46	292.34	295.51	296.99	297.31	295.85	292.26	288.24	284.97
32.5130890052356	283.01	283.57	285.71	288.67	291.62	294.89	296.58	296.93	295.35	291.6	287.49	284.18
33.455497382198956	282.05	282.58	284.75	287.77	290.83	294.19	296.09	296.46	294.73	290.83	286.64	283.3
34.3979057591623	281.06	281.61	283.88	286.99	290.16	293.61	295.71	296.07	294.16	290.08	285.79	282.39
35.340314136125656	280.32	280.9	283.24	286.35	289.57	293.11	295.4	295.73	293.63	289.44	285.12	281.72
36.282722513089	279.81	280.44	282.89	286.11	289.37	292.96	295.45	295.72	293.39	289.07	284.7	281.24
37.225130890052355	279.29	279.92	282.59	285.94	289.31	292.96	295.67	295.88	293.26	288.77	284.36	280.84
38.16753926701571	278.4	279.03	281.95	285.48	289.06	292.75	295.65	295.81	292.94	288.22	283.7	280.08
39.10994764397907	277.6	278.25	281.34	285.02	288.8	292.52	295.54	295.67	292.6	287.67	283.06	279.36
40.0523560209424	276.73	277.42	280.67	284.55	288.51	292.26	295.4	295.49	292.2	287.05	282.35	278.59
40.994764397905755	275.7	276.45	279.84	283.83	287.9	291.67	294.92	295.0	291.56	286.26	281.48	277.66
41.93717277486911	274.5	275.22	278.79	282.86	287.03	290.79	294.04	294.13	290.64	285.29	280.49	276.6
42.87958115183247	273.55	274.26	278.03	282.2	286.5	290.22	293.39	293.44	289.88	284.5	279.68	275.76
43.8219895287958	272.72	273.45	277.39	281.75	286.18	289.92	293.06	293.04	289.39	283.93	279.01	275.04
44.764397905759154	271.6	272.32	276.5	281.14	285.74	289.53	292.59	292.47	288.75	283.25	278.17	274.11
45.70680628272251	270.33	271.11	275.44	280.43	285.1	288.93	291.91	291.68	287.92	282.39	277.17	273.03
46.64921465968587	269.24	270.07	274.35	279.65	284.44	288.26	291.19	290.89	287.09	281.57	276.25	272.04
47.591623036649224	268.22	269.07	273.31	278.86	283.83	287.63	290.51	290.15	286.31	280.8	275.37	271.11
48.53403141361255	267.29	268.24	272.41	278.07	283.24	287.06	289.86	289.44	285.58	280.1	274.56	270.21
49.47643979057591	266.48	267.49	271.6	277.29	282.64	286.49	289.24	288.78	284.9	279.48	273.84	269.44
50.41884816753927	265.67	266.8	270.89	276.53	282.06	285.99	288.71	288.19	284.27	278.91	273.16	268.68
51.36125654450262	264.94	266.17	270.25	275.81	281.52	285.52	288.2	287.69	283.74	278.44	272.61	268.03
52.30366492146598	264.33	265.63	269.68	275.13	280.94	284.99	287.64	287.17	283.23	278.02	272.13	267.49
53.24607329842931	263.74	265.11	269.12	274.55	280.49	284.54	287.15	286.66	282.77	277.65	271.72	267.02
54.188481675392666	263.21	264.62	268.58	273.96	279.89	283.94	286.56	286.08	282.29	277.28	271.3	266.56
55.13089005235602	262.66	264.12	268.05	273.33	279.32	283.43	285.99	285.5	281.76	276.85	270.79	266.08
56.07329842931938	261.93	263.45	267.45	272.79	278.85	283.02	285.46	284.93	281.22	276.34	270.16	265.41
57.01570680628271	261.05	262.7	266.83	272.29	278.35	282.64	285.04	284.45	280.71	275.83	269.48	264.59
57.958115183246065	260.2	261.97	266.23	271.79	277.92	282.37	284.71	284.08	280.35	275.48	268.93	263.79
58.90052356020942	259.0	261.01	265.45	271.23	277.54	282.14	284.41	283.7	279.93	274.97	268.09	262.58
59.84293193717278	257.41	259.57	264.15	270.23	276.78	281.71	284.04	283.21	279.25	274.04	266.65	260.81
60.785340314136135	255.48	257.75	262.48	268.95	275.96	281.13	283.58	282.61	278.4	272.8	264.87	258.77
61.727748691099464	253.9	256.11	260.91	267.76	275.13	280.61	283.18	282.13	277.68	271.75	263.34	257.07
62.67015706806282	252.5	254.62	259.52	266.74	274.44	280.14	282.79	281.72	277.11	270.87	262.02	255.6
63.61256544502618	251.23	253.17	258.13	265.69	273.72	279.58	282.25	281.16	276.5	269.93	260.76	254.25
64.55497382198953	249.98	251.6	256.51	264.39	272.74	278.82	281.56	280.45	275.76	268.85	259.42	252.89
65.49738219895289	248.83	250.09	254.92	263.13	271.85	278.1	280.92	279.77	275.03	267.84	258.2	251.65
66.43979057591622	247.71	248.65	253.41	261.85	270.91	277.31	280.19	278.99	274.25	266.87	257.09	250.5
67.38219895287958	246.72	247.46	252.16	260.81	270.2	276.76	279.4	278.11	273.4	265.83	255.87	249.36
68.32460732984293	246.13	246.58	250.99	259.71	269.34	276.01	278.62	277.29	272.67	265.0	255.04	248.67
69.26701570680629	245.84	245.98	250.08	258.79	268.53	275.18	277.66	276.42	271.95	264.3	254.55	248.32
70.20942408376962	245.65	245.51	249.26	257.79	267.65	273.91	276.42	275.39	271.19	263.7	254.27	248.13
71.15183246073298	245.32	244.96	248.38	256.76	266.91	272.95	275.37	274.53	270.52	263.08	253.75	247.69
72.09424083769633	244.85	244.24	247.4	255.72	266.23	272.23	274.55	273.74	269.81	262.26	252.94	247.03
73.03664921465969	244.47	243.61	246.46	254.72	265.56	271.59	273.83	273.05	269.16	261.46	252.25	246.51
73.97905759162305	244.28	243.25	245.78	253.99	265.08	271.19	273.1	272.33	268.59	260.82	251.82	246.18
74.92146596858638	243.72	242.56	244.84	253.14	264.62	270.9	272.7	271.78	267.86	259.8	250.99	245.47
75.86387434554973	243.18	241.87	243.94	252.35	264.22	270.7	272.35	271.23	267.12	258.85	250.16	244.79
76.80628272251309	242.5	241.03	242.96	251.53	263.82	270.51	272.05	270.69	266.38	257.85	249.2	243.99
77.74869109947645	241.82	240.16	242.02	250.73	263.47	270.37	271.87	270.32	265.76	256.82	248.24	243.17
78.6910994764398	241.13	239.29	241.1	249.93	263.14	270.31	271.82	270.12	265.26	255.79	247.31	242.36
79.63350785340313	240.68	238.67	240.4	249.31	262.95	270.36	271.89	270.09	265.0	255.07	246.67	241.85
80.57591623036649	240.15	238.0	239.62	248.66	262.71	270.35	271.87	269.94	264.65	254.26	245.94	241.29
81.51832460732984	239.65	237.4	238.96	248.15	262.72	270.59	272.08	270.07	264.54	253.65	245.36	240.72
82.4607329842932	238.88	236.58	238.11	247.55	262.7	270.76	272.19	270.13	264.55	253.15	244.77	239.94
83.40314136125653	238.47	236.04	237.54	247.22	262.86	270.94	272.25	270.28	264.93	252.99	244.45	239.48
84.34554973821989	238.37	235.8	237.16	246.96	262.94	271.01	272.23	270.39	265.31	252.87	244.2	239.38
85.28795811518324	238.42	235.85	237.03	246.85	263.01	271.05	272.23	270.46	265.6	252.83	244.19	239.55
86.2303664921466	238.44	235.93	236.93	246.76	263.05	271.06	272.24	270.48	265.71	252.73	244.23	239.74
87.17277486910996	238.41	235.94	236.82	246.66	263.08	271.05	272.24	270.48	265.72	252.6	244.28	239.97
88.11518324607329	238.41	235.94	236.71	246.62	263.12	271.06	272.23	270.49	265.67	252.46	244.32	240.22
89.05759162303664	238.42	235.92	236.66	246.61	263.16	271.09	272.2	270.49	265.64	252.37	244.38	240.43
90.0	238.43	235.86	236.72	246.64	263.15	271.09	272.18	270.49	265.58	252.3	244.43	240.5
